zeo,osda,Si/Al_ae,Si/Al_pred_mean,Si/Al_true_mean,Al/P_ae,Al/P_pred_mean,Al/P_true_mean,Si/Ge_ae,Si/Ge_pred_mean,Si/Ge_true_mean,Si/B_ae,Si/B_pred_mean,Si/B_true_mean,Na/T_ae,Na/T_pred_mean,Na/T_true_mean,K/T_ae,K/T_pred_mean,K/T_true_mean,OH/T_ae,OH/T_pred_mean,OH/T_true_mean,F/T_ae,F/T_pred_mean,F/T_true_mean,H2O/T_ae,H2O/T_pred_mean,H2O/T_true_mean,sda1/T_ae,sda1/T_pred_mean,sda1/T_true_mean,cryst_temp_ae,cryst_temp_pred_mean,cryst_temp_true_mean,cryst_time_ae,cryst_time_pred_mean,cryst_time_true_mean
CHA,C[N+](C)(C)C12CC3CC(CC(C3)C1)C2,6.639151238670372,24.354697561988807,30.99384880065918,0.0,0.0,0.0,0.059562677268292674,0.059562677268292674,0.0,0.030472021333333335,0.030472021333333335,0.0,0.026812386685529294,0.07749316377051776,0.10430555045604706,0.004891697152910968,0.00016199301609561755,0.005053690169006586,0.22727988402439087,0.07490517456935915,0.30218505859375,0.21530527820019174,0.0008859987077290837,0.21619127690792084,10.066034932815429,14.733537058151368,24.799571990966797,0.4497741606381684,0.06641732190577693,0.5161914825439453,20.535288961183,133.4437607214342,153.9790496826172,21.933714099741252,140.8169767340186,118.88326263427734
AEL,CCCNCCC,0.03527314773524814,0.056985506799568604,0.09225865453481674,0.0011201758635391856,0.9593659381615768,0.960486114025116,0.0,0.0,0.0,0.0,0.0,0.0,0.000580966065172106,0.0,0.000580966065172106,0.0,0.0,0.0,0.0,0.0,0.0,0.015819801383863658,0.015150438627947599,0.030970240011811256,8.705807322609907,20.81385744179439,29.519664764404297,0.2028658410329618,0.5403511544484891,0.33748531341552734,10.139489746593853,195.86144409229698,185.72195434570312,1.5593251529885492,76.55874531900417,74.99942016601562
CHA,OSDA-free,6.6493356670984785,15.582733913863615,8.933398246765137,0.5756559932142856,0.5756559932142856,0.0,3.532572228767124,3.532572228767124,0.0,1.8705672778770581,0.26618699649122807,2.136754274368286,0.04384673973447051,0.29273293753987517,0.24888619780540466,0.3924662826041171,0.019056642295937842,0.41152292490005493,0.06386064852884604,0.2764691177446525,0.34032976627349854,0.06321186347201736,0.00027342365786163524,0.063485287129879,45.01481789941175,12.817568117433948,57.8323860168457,0.008337047143773587,0.008337047143773587,0.0,35.89849103048178,116.70537554666666,152.60386657714844,98.9356381135839,159.37742583331047,60.44178771972656
MFI,OSDA-free,13.502218993599048,30.414681641166577,43.916900634765625,0.0,0.0,0.0,0.7693154615384615,0.7693154615384615,0.0,29.429044930636717,0.6155641391874999,30.04460906982422,0.10432240922512195,0.21617906730113842,0.3205014765262604,0.00011013633541463414,0.00011013633541463414,0.0,0.14349693010696535,0.13770872403732176,0.2812056541442871,0.0005872037008130081,0.0005872037008130081,0.0,21.27186278055131,15.858588421841267,37.13045120239258,0.005345854285275846,0.0025357600943089432,0.00788161437958479,24.28088630884909,148.0707982614634,172.3516845703125,16.09653219838175,67.97593817372355,51.8794059753418
CHA,CCN(CC)CC,0.04573672312089641,0.1687480281036214,0.21448475122451782,0.16308797390399077,1.0980428555720816,0.9349548816680908,0.0,0.0,0.0,0.0,0.0,0.0,0.0008081433350647988,0.00011051901509433963,0.0009186623501591384,0.0,0.0,0.0,5.7091399999999993e-05,5.7091399999999993e-05,0.0,0.016505226492881775,0.0,0.016505226492881775,8.04157943622629,9.764509965018828,17.806089401245117,0.3585049654426909,0.29392300592037673,0.6524279713630676,4.374913831778571,187.751973768302,183.37705993652344,11.671845524068345,29.966364772562514,41.63821029663086
LTA,C[N+](C)(C)C,1.8347933656086042,4.496762312065513,2.661968946456909,0.06787528312217711,0.29915862,0.23128333687782288,0.0,0.0,0.0,0.0,0.0,0.0,0.44423131319813136,0.004796880752521739,0.4490281939506531,0.0,0.0,0.0,0.1248231050104297,0.8372528437047803,0.96207594871521,0.01195652224123478,0.0,0.01195652224123478,36.28613548970516,28.498852913615156,64.78498840332031,0.916051846736742,0.9265566051065197,1.8426084518432617,3.0507083980994025,104.77827872348263,107.82898712158203,43.86126287804956,200.11947210656518,156.25820922851562
MEL,CCCC[N+](CCCC)(CCCC)CCCC,18.251772536155343,44.214129103538156,25.962356567382812,0.0,0.0,0.0,0.0,0.0,0.0,9.885648480902837,17.66953252936475,7.783884048461914,0.08398793710864172,0.03966432736718073,0.12365226447582245,0.0012836223171483214,0.0027755172626506026,0.0014918949455022812,0.15070808210735057,0.12742745599384572,0.2781355381011963,0.003086023614457831,0.003086023614457831,0.0,6.645753454823804,35.875112939219164,42.52086639404297,0.028837698597555278,0.17265575836216915,0.20149345695972443,3.9424841519757763,150.68268800939765,146.74020385742188,17.94742005655015,49.8684368770436,67.81585693359375
CHA,C1COCCN1,0.022958065378118897,0.2469764603251709,0.224018394947052,0.19350515409856295,0.7815177579268887,0.9750229120254517,0.0,0.0,0.0,0.0,0.0,0.0,0.0035864283024390244,0.0035864283024390244,0.0,0.004581637130731707,0.004581637130731707,0.0,0.004717032969268292,0.004717032969268292,0.0,0.14227707188347083,0.19239568214634162,0.05011861026287079,8.640845483576324,27.33793181780484,18.697086334228516,0.08282580070702517,0.898648282816095,0.8158224821090698,2.352166134814098,182.58231445024379,180.2301483154297,78.49809247787724,181.91303998764286,103.41494750976562
ATO,CCCNCCC,0.06588239284480805,0.11285918267692323,0.04697678983211517,0.008383176857081676,0.9934167642058456,1.0017999410629272,0.0,0.0,0.0,0.0,0.0,0.0,0.0,0.0,0.0,0.0,0.0,0.0,0.0,0.0,0.0,0.02904067002236843,0.0,0.02904067002236843,38.53901757720831,9.201140503846371,47.74015808105469,0.012771332714967554,0.39944794223111135,0.3866766095161438,11.878235550837019,179.8697197714286,191.74795532226562,1.884784791275365,51.30047979612698,53.185264587402344
IWR,C[N+](C)(C)CCCCCC[N+](C)(C)C,32.686063970074045,53.35873624180256,20.672672271728516,0.0,0.0,0.0,4.752683532468599,4.4326068041402875,9.185290336608887,1.8310816890739083,24.130544961168635,22.299463272094727,0.004565874806451613,0.004565874806451613,0.0,0.0,0.0,0.0,0.00393069777743163,0.18157440926774202,0.18550510704517365,0.10471245552001232,0.09550087248387104,0.20021332800388336,4.127593437850477,9.353784004867078,5.226190567016602,0.004599811509767626,0.2362383436406459,0.2408381551504135,1.291733396578877,173.6276239032258,174.9193572998047,4.801153758809846,320.3601316415808,325.1612854003906
LTA,C1COCCN2CCOCCOCCN(CCO1)CCOCCOCC2,0.6994941349446122,0.6994941349446122,0.0,0.8067922310802166,0.0007077140835102619,0.8074999451637268,0.25184312078743176,0.6082887015083333,0.3564455807209015,1.8413322099358609,1.8413322099358609,0.0,0.009113135766666669,0.009113135766666669,0.0,0.00016359425333333332,0.00016359425333333332,0.0,0.04430132687866667,0.04430132687866667,0.0,0.13945558569863725,0.2962611307902663,0.15680554509162903,32.252534292746105,86.83588542800001,54.583351135253906,0.02827369220337167,0.1245966797343801,0.15287037193775177,35.25005302799997,139.99994697200003,175.25,80.91142902585744,135.8011041662383,54.88967514038086
IMF,C[N+]1(CCCCC[N+]2(C)CCCC2)CCCC1,7.496017162152857,29.112762157270044,21.616744995117188,,0.0,,,0.0,,,0.0,,0.25953187720027293,0.3772746704414812,0.6368065476417542,0.00915863528148148,0.00915863528148148,0.0,0.1980688653648427,0.5344635627925923,0.33639469742774963,0.0077983860282897464,0.008111453837037038,0.00031306780874729156,6.619814247120047,43.259413093555594,36.63959884643555,0.032303216488421355,0.12528498229259213,0.1575881987810135,8.08343496058302,157.84248361851854,165.92591857910156,147.76077379319042,419.3163157853779,271.5555419921875
IWR,CC[N+]1(CC)CC2C3C(C)=CC(C)(C2C1)C1C[N+](CC)(CC)CC31,9.430885050368431,35.43898174531472,26.00809669494629,0.0,0.0,0.0,5.288305765375803,3.1133246362355256,8.401630401611328,2.0548625554869986,39.09167522527472,41.14653778076172,0.0,0.0,0.0,0.0,0.0,0.0,0.01006116212375735,0.09434687585599993,0.08428571373224258,0.03676601808263896,0.3660470290880001,0.40281304717063904,3.6113383389106213,6.661275186480004,10.272613525390625,0.005347269243827224,0.2382020776800009,0.24354934692382812,0.027999999999991587,174.972,175.0,14.752335128000254,321.24766487199975,336.0
LEV,C[N+]12CCC(CC1)CC2,5.472727510615968,4.937198903873778,10.409926414489746,0.0,0.0,0.0,,0.02666666666666667,,1.6863913417157756,2.135293495625533,3.8216848373413086,0.05135938167788248,0.1892020440080001,0.24056142568588257,0.0,0.0,0.0,0.020209734627903098,0.12810722987919987,0.14831696450710297,0.00020518226400000002,0.00020518226400000002,0.0,10.511780144033796,27.528484703359968,17.016704559326172,0.06614475742670109,0.11162083550600002,0.1777655929327011,18.588862231442164,142.61113471680002,161.1999969482422,40.88838744114855,188.32123780299207,229.20962524414062
AFI,CCCN(CCC)CCC,0.0160792495568722,0.02033456857106383,0.0042553190141916275,0.0887087736674187,0.9191644940920708,0.8304557204246521,0.0,0.0,0.0,0.0,0.0,0.0,0.0,0.0,0.0,0.0,0.0,0.0,0.0,0.0,0.0,0.009751769714057446,0.0,0.009751769714057446,45.36952869979048,11.97682292374468,57.346351623535156,0.022909702443630053,0.38216298661276643,0.4050726890563965,26.73740056425615,140.4293322238298,167.16673278808594,7.465018278838535,41.649090760468106,49.11410903930664
BEC,C[N+](C)(C)CCCCCC[N+](C)(C)C,26.927123691588797,41.9271236915888,15.0,0.0,0.0,0.0,0.8675325382208552,4.248621655657319,5.116154193878174,7.940389018159031,21.99965415487778,14.05926513671875,0.0013450685893333335,0.0013450685893333335,0.0,0.0,0.0,0.0,0.0835950929236434,0.09471732522666673,0.011122232303023338,0.05514856027663928,0.26485483003555554,0.3200033903121948,2.9661422496138714,6.280226541072001,3.31408429145813,0.0019585317471562946,0.23583068191022286,0.23778921365737915,2.3806706705729255,172.84155833333332,175.22222900390625,42.41703576888892,304.4170357688889,262.0
MAZ,OSDA-free,16.370873746312135,6.601338091456419,22.972211837768555,0.0,0.0,0.0,,0.0,,,0.0,,0.26506659094596663,0.754971143644102,0.4899045526981354,0.09784028834873884,0.0002481251282051282,0.09808841347694397,0.2460184532172892,0.6267018455035899,0.38068339228630066,0.0,0.0,0.0,30.285418360443572,36.09590801498459,5.810489654541016,0.018895462155342102,0.0,0.018895462155342102,2.039995020971091,105.37333089743593,103.33333587646484,102.71071502654692,62.853387146304634,165.56410217285156
MWW,C[N+](C)(C)C12CC3CC(CC(C3)C1)C2,53.436341588945005,57.224220340699766,3.7878787517547607,0.0,0.0,0.0,0.0,0.0,0.0,12.333303218867924,12.333303218867924,0.0,0.05250953028367547,0.0014851551277777777,0.05399468541145325,0.013409523293375969,0.0,0.013409523293375969,0.2901650755517246,0.002814105261111111,0.2929791808128357,0.10940546342222227,0.10940546342222227,0.0,49.37933365428861,5.6541860905844405,55.03351974487305,0.12123417688066207,0.12035614418333329,0.24159032106399536,6.585595688888901,156.5855956888889,150.0,372.07528889973105,604.5071431477779,232.43185424804688
AEN,CC[n+]1ccn(C)c1C,0.004087066257212122,0.004087066257212122,0.0,0.31560283252732557,0.8235526020242433,0.5079497694969177,0.0,0.0,0.0,0.0,0.0,0.0,0.0,0.0,0.0,0.0,0.0,0.0,0.0,0.0,0.0,0.009453416858444207,0.0030165640072727273,0.012469980865716934,3.2306262341128633,12.159249433575754,8.92862319946289,1.0241566728390659,0.4866398740969692,1.5107965469360352,13.375292178255194,176.40559613333332,163.03030395507812,10.069270105015125,14.478709249843273,24.5479793548584
FAU,C1COCCOCCOCCOCCOCCO1,1.748799756458543,3.4312005487172383,5.180000305175781,0.475,0.6,0.125,,0.0,,,0.0,,0.09318498725431362,0.38637022132413784,0.2931852340698242,0.0,0.0,0.0,0.07305171969055083,0.23991906526206877,0.16686734557151794,0.0025654468689655175,0.0025654468689655175,0.0,1.9134059790974618,12.494722927034474,10.581316947937012,0.01448762365047649,0.04167702473337933,0.05616464838385582,3.7291119999164692,101.78813043172416,105.51724243164062,296.43166411021974,484.1558004627588,187.72413635253906
FAU,CC[N+](CC)(CC)CC,2.209218614804277,3.8622101609830763,6.0714287757873535,0.46928930729729734,0.46928930729729734,0.0,,0.0,,,0.0,,0.036872140111317925,0.21289060360015363,0.24976274371147156,4.091596089931843e-05,0.00036699183076923075,0.0004079077916685492,0.1982683362317289,0.6373292030644621,0.43906086683273315,0.0,0.0,0.0,29.888581471819414,38.311409192461504,8.42282772064209,0.5675679894053298,0.7748107315861541,0.20724274218082428,1.8250278356220235,120.15249670769234,118.32746887207031,177.53753363653567,123.3855315490112,300.9230651855469
UOV,C[N+](C)(C)CCCCCCCCCC[N+](C)(C)C,,35.26843900877193,,0.0,0.0,0.0,2.051448841293582,3.6208443834383575,1.5693955421447754,,1.0120364160652173,,0.0,0.0,0.0,6.159101333333334e-05,6.159101333333334e-05,0.0,0.27107570360724487,0.00040074397499999996,0.2714764475822449,0.006824652349999998,0.006824652349999998,0.0,7.475382307036431,4.046923181549995,11.522305488586426,0.15720698319624093,0.10873955405999991,0.26594653725624084,0.10082029707027118,172.60750795000004,172.7083282470703,124.63949024499993,162.36050975500007,287.0
PHI,OSDA-free,3.6956115074883362,2.515582530902777,6.211194038391113,0.0,0.0,0.0,,0.0,,,0.0,,0.16242222870606782,0.5314205476166666,0.36899831891059875,0.023789209921300236,0.09774376233333332,0.07395455241203308,0.21200748218793797,0.5481181634833329,0.3361106812953949,0.0,0.0,0.0,3.606686269253757,18.856052075833347,15.24936580657959,0.2733085940665131,0.001135837,0.27444443106651306,2.939478833131531,110.85614295666669,107.91666412353516,171.6852837764635,155.26463687783337,326.9499206542969
GIS,CCCNCCC,0.17492920037698734,0.21701245259833324,0.0420832522213459,0.8707619987706724,0.11048804891304347,0.9812500476837158,0.0,0.0,0.0,0.0,0.0,0.0,0.0021813984333333334,0.0021813984333333334,0.0,0.0,0.0,0.0,0.06914081958333333,0.06914081958333333,0.0,0.18875005019272004,0.01578836965,0.20453841984272003,78.9721340994422,50.90608550504999,129.8782196044922,1.8138730276356498,2.184178953243331,0.3703059256076813,8.12669895999997,178.12669895999997,170.0,160.85293215270184,231.68626802916668,70.83333587646484
LEV,C[N+]1(C)CCCCC1,26.18741510323086,4.994420071329687,31.181835174560547,0.0,0.0,0.0,,0.18181818181818182,,,0.18033961846153845,,0.1238687803340266,0.5256806780886958,0.4018118977546692,0.001961641443478261,0.001961641443478261,0.0,0.47964352392686155,0.13155716634260867,0.6112006902694702,0.0,0.0,0.0,20.077757604290134,31.730751760173924,11.652994155883789,0.08769857441342041,0.13816620851600006,0.22586478292942047,0.4926580327275474,155.81169377391308,156.30435180664062,10.175008681896458,140.52063951146292,150.69564819335938
ITT,C[N+](C)(C)CCCCCC[N+](C)(C)C,5.563459252725298,29.9254323488372,35.4888916015625,0.001942317716535433,0.001942317716535433,0.0,0.5313400019391317,2.3508992184384603,1.8195592164993286,28.114730049078776,5.218609642083333,33.33333969116211,0.0003210163636363636,0.0003210163636363636,0.0,0.0,0.0,0.0,0.34299990915153505,0.001180645,0.34418055415153503,0.33627685634460125,0.3888742486950365,0.05259739235043526,0.2103325366890676,3.836479330054546,3.6261467933654785,0.0006073382653217774,0.24374174745454602,0.24313440918922424,8.244114927272733,166.75588507272727,175.0,79.4436639165838,243.46542421818182,322.9090881347656
FER,C[N+]1(Cc2ccccc2)CCCC1,4.348448573802838,18.475432216380963,14.126983642578125,,,0.0,,,0.0,,,0.0,0.00855837985240442,1.3049325714285716e-05,0.008571429178118706,0.0,0.0,0.0,0.0008419779047619048,0.0008419779047619048,0.0,0.08829458604275547,0.3688481842476193,0.45714277029037476,10.729198795723418,3.1231800494914252,13.852378845214844,0.0053913523665647944,0.45175141792380996,0.45714277029037476,3.1435664123883953,148.80976514285715,145.66619873046875,784.9378281831462,1476.8492661714274,691.9114379882812
ITG,C[N+]1(C)CCC([N+]2(C)CCCC2)CC1,21.748917880209277,54.97892123714287,33.230003356933594,0.0,0.0,0.0,2.4088090124462624,4.436149292912624,6.844958305358887,9.491189147731447,39.940940048,30.449750900268555,0.0,0.0,0.0,0.0,0.0,0.0,0.19213310400329178,0.23163639982857162,0.4237695038318634,0.22135475064761914,0.22135475064761914,0.0,6.483111665127151,5.975207045199998,12.458318710327148,0.00379008668047523,0.2383067844571438,0.24209687113761902,0.1428571428571388,174.85714285714286,175.0,5.4221280571428565,341.42212805714286,336.0
BEA,C(CCCC[N+]12CCC(CC1)CC2)CCC[N+]12CCC(CC1)CC2,,18.896132512970706,,0.011668872108843537,0.011668872108843537,0.0,,1.0670691297297297,,,1.7659259411764705,,0.00800005524,0.00800005524,0.0,0.0,0.0,0.0,0.054466670636000004,0.054466670636000004,0.0,0.1164796320999999,0.3835203679000001,0.5,3.372647698874861,11.697647508139998,8.324999809265137,0.04491654389200034,0.29491654389200034,0.25,4.538437399999992,164.5384374,160.0,266.9420721875157,515.3420660840001,248.39999389648438
SAV,C1CNCCCNCCNCCNC1,0.20527458222885853,0.4627807733200001,0.6680553555488586,0.30771947995316706,0.8684103380094794,1.1761298179626465,,0.0,,,0.0,,0.0,0.0,0.0,0.007257284879999999,0.007257284879999999,0.0,0.00314740866,0.00314740866,0.0,0.10000000149011612,0.0,0.10000000149011612,120.10010213660004,140.10010213660004,20.0,0.1108394762422002,0.1733394762422002,0.0625,0.4086136199999544,190.40861361999995,190.0,65.02917019200001,78.97082980799999,144.0
AEI,CC[P+](CC)(CC)CC,35.45653059247912,0.6489915632826011,36.10552215576172,,1.037119981538461,,,0.0,,,0.0,,0.10138910050291046,0.009449625659999999,0.11083872616291046,0.00035259196,0.00035259196,0.0,0.11729603327779382,0.007965005264,0.12526103854179382,0.04891364276409149,0.0,0.04891364276409149,8.897999500637749,14.318968033200004,5.420968532562256,0.020022625073033318,0.30518894825800036,0.28516632318496704,7.672636120000021,157.67263612000002,150.0,89.83688634116442,80.56310755531996,170.39999389648438
AFI,C[N+]12CCCC[C@@H]1[C@H]1C[C@@H](C2)[C@@H]2CCCCN2C1,34.1001886,34.1001886,0.0,0.0,0.0,0.0,0.0,0.0,0.0,24.374996185302734,0.0,24.374996185302734,0.021263234314827927,0.0612314008151579,0.03996816650032997,0.009421806618583526,0.012053384747368421,0.002631578128784895,0.08701304447050845,0.04688576508168424,0.1338988095521927,0.1526315726731953,0.005263157894736842,0.15789473056793213,1.740276691509571,34.046966197894726,35.7872428894043,0.21564672629124704,0.04569112022631582,0.26133784651756287,4.663087780446119,164.81059080842107,169.4736785888672,142.97938356133142,389.40046510430017,246.42108154296875
NSI,c1cc(-c2ccncc2)ccn1,35.94574230945804,0.2671521302392241,36.212894439697266,0.009047187149028078,0.009047187149028078,0.0,0.015865827173913043,0.015865827173913043,0.0,0.0,0.0,0.0,0.026060368680081828,0.0011842047789473685,0.027244573459029198,0.0,0.0,0.0,0.0523346158491237,0.055430588433684216,0.0030959725845605135,0.06207772092631579,0.06207772092631579,0.0,75.37377771417633,106.21995004694,30.846172332763672,0.815358016534339,0.8589304721789466,0.043572455644607544,27.207491887687155,156.1548643242106,128.94737243652344,67.7767115045929,154.51355842842102,86.73684692382812
CON,CC1(C)[C@H]2CC[C@@H](C[N+](C)(C)C)[C@@H]1C2,124.49727092621526,36.24039997222223,160.7376708984375,0.0,0.0,0.0,0.19312807894736841,0.19312807894736841,0.0,2.260333736468649,18.376445491839743,16.116111755371094,0.16533587491742557,0.06982018434771113,0.23515605926513672,0.0,0.0,0.0,0.12522891152970209,0.23364892591111078,0.10842001438140869,0.03315456206666667,0.03315456206666667,0.0,33.4017056648481,46.88084133222221,80.28254699707031,0.2829739034056329,0.19161136151555547,0.47458526492118835,4.965656251649307,152.81211474444444,157.77777099609375,124.42006467741493,218.91327882844445,343.3333435058594
FER,C1CNCCN1,13.064556206799203,60.849849785900766,47.78529357910156,,0.0,,,0.0,,,0.0,,0.005444164257526529,0.15126628695058836,0.14582212269306183,0.0022596309270588237,0.0022596309270588237,0.0,0.028962613966913936,0.087695090148,0.11665770411491394,0.06626681636200378,0.007262598470588236,0.07352941483259201,5.848327124018283,32.684741461176486,26.836414337158203,0.2350043789511025,1.1401787265176475,1.37518310546875,3.4781907121208917,158.1840775529412,154.7058868408203,31.61627359307286,115.91039438164708,84.29412078857422
MTW,C[N+]1(Cc2ccccc2)CCC(CCCCCC2CC[N+](C)(Cc3ccccc3)CC2)CC1,,84.10171697727273,,0.0,0.0,0.0,,0.0,,,0.0,,0.06790846760235296,0.06790846760235296,0.0,0.0,0.0,0.0,0.039034723470639715,0.18168175144000007,0.14264702796936035,0.0,0.0,0.0,5.334173715294156,55.334173715294156,50.0,0.01334164971555514,0.08466516370023532,0.07132351398468018,1.883266164028015,147.47150774117645,145.58824157714844,565.7421478016727,375.21231997176477,940.9544677734375
BEA,C(CC[N+]12CCN(CC1)CC2)C[N+]12CCN(CC1)CC2,9.12847634330306,28.6984016515306,19.56992530822754,0.0,0.0,0.0,,1.7168534880645163,,14.705880165100098,0.0,14.705880165100098,0.2603283574662109,0.012702877275,0.27303123474121094,0.0,0.0,0.0,0.1507052607837427,0.08933468386499997,0.24003994464874268,0.28712770054717707,0.36875283429999994,0.08162513375282288,14.844526695947275,10.24092633749999,25.085453033447266,0.22038758090005073,0.3714785455750004,0.15109096467494965,8.443009848828126,157.737412925,149.29440307617188,607.2475079236326,840.3432568249998,233.0957489013672
MWW,CCCCCCC[N+](C)(C)C,,37.72118375,,0.0,0.0,0.0,,,,4.580966970577057,5.419034936771576,10.000001907348633,0.0017045410349965096,0.0,0.0017045410349965096,0.016072132369511938,0.015391390094525004,0.03146352246403694,0.018902996459827126,0.016537798663749992,0.03544079512357712,0.0,0.0,0.0,1.6199867703857578,28.725365875000016,27.105379104614258,0.008702654353857309,0.2797564453999999,0.2710537910461426,1.485411924999994,168.514588075,170.0,0.6987933249999969,168.698793325,168.0
MFI,CCN,84.25788993122207,120.50402718303575,204.7619171142578,0.0,0.0,0.0,,0.0,,,0.0,,0.08580174618399213,0.07068197852933338,0.1564837247133255,0.0010589380000000002,0.0010589380000000002,0.0,0.0002385254162230524,0.040092172767488006,0.039853647351264954,0.1066666692495346,0.0,0.1066666692495346,5.502934740974659,38.08060579200005,32.57767105102539,0.14945747315282087,1.259269815093334,1.4087272882461548,3.9312837937369807,161.40204445333333,165.3333282470703,119.98721077191922,222.05387642133329,102.06666564941406
TON,NCCCCCCCCN,30.322102207168186,75.95702423475608,45.63492202758789,0.0,0.0,0.0,0.0,0.0,0.0,0.0,0.0,0.0,0.24764690135714293,0.24764690135714293,0.0,0.17490145656293052,0.03851024714285713,0.21341170370578766,0.05311364428049184,0.22956875459200002,0.17645511031150818,0.0,0.0,0.0,6.282107705733836,42.284550314285696,48.56665802001953,0.005694634729183801,0.26317182879999984,0.25747719407081604,15.960614006891689,179.51351622857138,163.5529022216797,16.685018762681345,62.851777807142874,79.53679656982422
AFR,CCC[N+](CCC)(CCC)CCC,0.027273295375299978,0.023440981355714274,0.05071427673101425,0.0762371917789455,0.9983151455944057,0.9220779538154602,0.0,0.0,0.0,0.0,0.0,0.0,0.0,0.0,0.0,0.0,0.0,0.0,0.0,0.0,0.0,0.0,0.0,0.0,18.145761054438633,16.540808159428554,34.68656921386719,0.12317064487128832,0.3785450748285713,0.5017157196998596,1.131411289006735,153.3998692285714,154.53128051757812,95.05288617955246,64.93107683314285,159.9839630126953
AST,c1ccncc1,0.049019607843137254,0.049019607843137254,0.0,0.39290625226440606,0.005580779195402299,0.39848703145980835,0.3646517926834285,0.3646517926834285,0.0,0.0064645882129277564,0.0064645882129277564,0.0,0.0,0.0,0.0,0.0,0.0,0.0,0.01735347371428571,0.01735347371428571,0.0,0.5950975533999998,0.5950975533999998,0.0,49.6408583853943,49.6408583853943,0.0,1.606754823809907,2.073055132514283,0.4663003087043762,22.395981457684172,156.41345152571427,178.80943298339844,275.27378392368155,276.9505614057143,1.6767774820327759
AEI,C[C@H]1C[C@@H](C)C[N+](C)(C)C1,1.8005284322831692,22.23407449856735,20.43354606628418,,0.0,,,0.0,,,0.0,,0.2729351332829513,0.24683209150571445,0.5197672247886658,0.0,0.0,0.0,0.08567766523821248,0.10477471673028575,0.19045238196849823,0.0,0.0,0.0,15.788696903182903,42.34071983714286,26.55202293395996,0.03479821168978607,0.11758933895428574,0.08279112726449966,3.389327160000022,136.61067283999998,140.0,69.00898469055528,166.03754151428575,97.02855682373047
MTT,C[N+](C)(C)CCCCCCC[N+](C)(C)C,35.33109977838556,63.36827209589044,28.037172317504883,0.0,0.0,0.0,0.0,0.0,0.0,41.49544855,41.49544855,0.0,0.02185869146401173,0.16185139190142864,0.18371008336544037,0.0006579258960652326,0.028588291771428583,0.02793036587536335,0.030956766525939622,0.2168573056857144,0.18590053915977478,0.0,0.0,0.0,42.180803014054135,41.67279653428571,83.85359954833984,0.01718710407428692,0.10805315568857143,0.09086605161428452,3.352215758537966,166.8465089714286,163.49429321289062,6.663778609229865,161.45185249428576,168.11563110351562
LTA,Cc1ccc(C[n+]2ccn(C)c2C)cc1,14.976666605100036,15.0,0.023333394899964333,0.0,0.0,0.0,10.300947175622836,4.099046720861539,14.399993896484375,,,,0.0,0.0,0.0,0.0,0.0,0.0,0.0,0.0,0.0,0.33524571561558225,0.0006765852,0.3359223008155823,2.546819509822697,5.90604239876923,3.359222888946533,0.14649880203381022,0.4363008168615385,0.28980201482772827,10.07975768326321,149.69514464615384,139.61538696289062,2237.1105602499088,2469.145075630768,232.03451538085938
SWY,C1CCCC(CCCCCCC2(N3CCCCCCN3)CCCCCCC2)(N2CCCCCCN2)CCC1,0.41000021044454626,0.5638463849230771,0.15384617447853088,0.27366123991534896,0.915288225836299,1.188949465751648,,0.0,,,0.0,,0.0024861417538461538,0.0024861417538461538,0.0,0.0,0.0,0.0,0.0014341330092307693,0.0014341330092307693,0.0,0.0,0.0,0.0,55.974250963076926,75.97425096307693,20.0,0.13636172653789977,0.18636173473353843,0.05000000819563866,22.73396021086242,185.04165369230773,162.3076934814453,18.013338276608337,75.24410838769232,57.230770111083984
STF,CCC1CCCC[N+]12CCCCC2,32.98010946404783,76.424548398374,43.44443893432617,0.0,0.0,0.0,1.902499794960022,0.0,1.902499794960022,6.337077954127647,14.225970127894737,7.88889217376709,0.0,0.0,0.0,0.0,0.0,0.0,0.34389338154449056,0.0004252467666666667,0.3443186283111572,0.23836403929999994,0.23836403929999994,0.0,21.14510462642969,4.053793688999999,25.198898315429688,0.11156033545457261,0.24525825113333327,0.3568185865879059,17.56767426666667,157.43232573333333,175.0,262.0490894402658,616.0491809930002,354.0000915527344
BEA,CC[N+]1(CC)CC2C3C=CC(C2C1)C1C[N+](CC)(CC)CC31,7.882033023929846,21.659011516666663,13.776978492736816,0.0,0.0,0.0,,5.3282396499999995,,9.811014999999998,40.188985,50.0,0.02292897529602212,0.06201193504333335,0.08494091033935547,0.07271171144810958,0.04613296904000001,0.11884468048810959,0.0710622511220857,0.3378265045000001,0.26676425337791443,0.13924160873634236,0.025791076066666665,0.16503268480300903,10.135305799095049,9.31787260666667,19.45317840576172,0.01192611622582379,0.15434084999333325,0.14241473376750946,10.51998068626304,148.64669106666665,159.1666717529297,145.2495410608073,225.41711543333332,370.6666564941406
CHA,CC(C)NC(C)C,0.039646680657648065,0.2476328417704334,0.20798616111278534,0.38408584855056993,0.9307288382246376,1.3148146867752075,,0.0,,,0.0,,0.0,0.0,0.0,0.0,0.0,0.0,0.0,0.0,0.0,0.0020000000000000005,0.0020000000000000005,0.0,17.61587889116388,22.637863945179994,5.021985054016113,3.806716089965524,0.48009144711333324,4.286807537078857,3.196323846666644,203.19632384666664,200.0,68.87057828069909,106.70391034246667,37.83333206176758
MFI,CCCN(CCC)CCCCCN(CCC)CCC,0.18413902678571503,29.815860973214285,30.0,0.0,0.0,0.0,,,,,,,0.16403614495963292,0.6890645525333329,0.5250284075737,0.0,0.0,0.0,0.1561592165262996,0.6811876240999996,0.5250284075737,0.0,0.0,0.0,0.46483280913085423,38.979041550000005,39.44387435913086,0.01037489753449379,0.08823478836333336,0.09860968589782715,0.0,160.0,160.0,0.965399500000018,168.96539950000002,168.0
ITE,NCCNCCNCCNCCNCCN,20.19970395788575,30.858794000000007,10.659090042114258,,0.0,,,0.0,,,0.0,,0.3386070360915153,0.19890151121454544,0.5375085473060608,0.0013748921090909092,0.0013748921090909092,0.0,0.43169337659706203,0.21910029501090916,0.6507936716079712,0.0,0.0,0.0,19.69615733093662,44.90869318909092,25.212535858154297,0.033394872875095974,0.07989011731636368,0.11328499019145966,20.62980854545455,150.62980854545455,130.0,71.41034189090911,179.4103418909091,108.0
ISV,CC1(C)CC2CC(C)(C1)C[N+]21CCCCC1,43.591294,43.591294,0.0,0.0,0.0,0.0,3.9622429544871784,3.9622429544871784,0.0,45.61826466666667,45.61826466666667,0.0,0.0,0.0,0.0,0.0,0.0,0.0,0.3181818127632141,0.0,0.3181818127632141,0.3530083187724107,0.4893719592000001,0.13636364042758942,20.272002515055686,4.012543383381815,24.2845458984375,0.04730546121712642,0.5018509293090911,0.4545454680919647,7.161494529421162,150.79786232727272,143.63636779785156,385.4885215686485,618.506725304,233.01820373535156
UFI,CC[N+](CC)(CC)CC,22.435914959183673,30.435914959183673,8.0,,0.0,,,0.0,,,0.0,,0.003116687261223175,0.017085336647272728,0.020202023908495903,0.0020462972363636364,0.0020462972363636364,0.0,1.6765172224289075,0.10126068780363637,1.777777910232544,0.2955374759272727,0.2955374759272727,0.0,15.36701489057111,12.10772990618182,27.47474479675293,0.46145294475990806,0.4274360103563639,0.888888955116272,3.5206442186221807,143.29753205090907,146.81817626953125,13.458935117052562,215.6319767481818,229.09091186523438
MTW,C(CC[N+]12CCC(CC1)CC2)C[N+]12CCC(CC1)CC2,,53.044538313432824,,0.0,0.0,0.0,,0.60005505,,,0.0,,0.024845545572000003,0.024845545572000003,0.0,0.0,0.0,0.0,0.08782110764720003,0.08782110764720003,0.0,0.27782703104046447,0.12217297492,0.4000000059604645,11.056551034930276,25.156551416400003,14.100000381469727,0.11456374481103225,0.08543625816919999,0.20000000298023224,1.6388909599999977,158.63889096,157.0,493.38489249968757,758.3186083200001,264.9337158203125
CLO,C1CN2CCC1CC2,1.6768219848484849,1.6768219848484849,0.0,0.07872868289915967,0.07872868289915967,0.0,0.5565653488438819,0.5565653488438819,0.0,0.14874346724137932,0.14874346724137932,0.0,0.0,0.0,0.0,0.0,0.0,0.0,0.0,0.0,0.0,0.26831798277348096,0.5608179124400001,0.29249992966651917,21.100961762692855,5.156539839479998,26.25750160217285,0.9236292090437158,0.52637083864,1.4500000476837158,0.9832212417578035,153.12537556,154.1085968017578,1762.4533568421714,1923.1316100159995,160.67825317382812
MTW,CCC(CC)n1cc[n+](C(CC)CC)c1,30.453899752120535,83.83180581428572,114.28570556640625,0.0,0.0,0.0,,0.0,,123.999755859375,0.0,123.999755859375,0.002319985141216549,0.031994097937999996,0.029674112796783447,0.0,0.0,0.0,0.006855705983405985,0.16604330599999992,0.15918760001659393,0.07117607282023224,0.0038239301600000004,0.07500000298023224,18.561742551056646,36.879762418000006,18.31801986694336,0.04871937746379412,0.160256936008,0.20897631347179413,3.2310904959999505,146.76890950400005,150.0,82.6236348253563,467.48880816520006,384.86517333984375
AFI,[CH]1C=CC=C1,0.025533071999999997,0.025533071999999997,0.0,0.4012456841129034,0.5987543158870966,1.0,0.0,0.0,0.0,0.0,0.0,0.0,0.0,0.0,0.0,0.0,0.0,0.0,0.0,0.0,0.0,0.06711712477331996,0.06711712477331996,0.0,45.50888344085727,1.9911203738399998,47.500003814697266,0.38375451355907103,0.49625452548,0.11250001192092896,7.3516979999999705,152.64830200000003,160.0,21.658727011117612,45.65872701111761,24.0
MFI,CC[N+](CC)(CC)CCC[N+](CC)(CC)CC,21.690867058536597,50.1908670585366,28.5,,0.0,,,0.6666666666666666,,,0.0,,0.16004328774408635,0.1478196199040002,0.30786290764808655,0.1227341519145636,0.00597543256,0.1287095844745636,0.1882253502468728,0.5700004483599997,0.7582257986068726,0.009550571919999999,0.009550571919999999,0.0,8.514870800809387,30.073843798799988,38.588714599609375,0.04264406715297661,0.13911585365200005,0.09647178649902344,4.296410359999982,164.29641035999998,160.0,31.31467715619999,136.6853228438,168.0
LAU,c1c[nH]cn1,5.125318603092784,5.125318603092784,0.0,0.1792929470539093,0.0,0.1792929470539093,0.0,0.0,0.0,0.07300107191011236,0.07300107191011236,0.0,0.016841130155555554,0.016841130155555554,0.0,0.0017955282666666666,0.0017955282666666666,0.0,0.0026826663555555557,0.0026826663555555557,0.0,0.01112798488888889,0.01112798488888889,0.0,147.9430027015018,148.21499738166804,0.2719946801662445,0.6284332713227553,0.4018641272444444,1.0302973985671997,12.491168691514758,160.84215955555555,173.3333282470703,436.62351992666675,604.6235199266667,168.0
LEV,CC[N+](C)(C)CC,15.293134898777758,25.10969945871428,9.816564559936523,0.31409785135028623,0.38145759718181826,0.6955554485321045,0.09919000000000011,1.0991900000000001,1.0,0.17827922355555556,0.17827922355555556,0.0,0.05046756889610349,0.0751589159288889,0.024691347032785416,0.0011001909333333334,0.0011001909333333334,0.0,0.1726493004653028,0.37175043559999976,0.19910113513469696,0.0,0.0,0.0,5.578065670815482,8.56483574977778,14.142901420593262,0.11517552275648668,0.43117477755555556,0.5463503003120422,30.84627785070745,135.82039390222224,166.6666717529297,28.302352999070365,168.03097524799995,196.3333282470703
OFF,C[N+](C)(C)Cc1ccccc1,12.883358964553063,9.690762510666664,22.574121475219727,,,,,,,,,,0.02547651568402667,0.0010116673822222221,0.026488183066248894,0.0669817064265924,0.07230617397755557,0.005324467550963163,0.13211258892941524,0.29277688617777775,0.424889475107193,0.001116832,0.001116832,0.0,3.8136974344178043,9.072081185333332,5.258383750915527,0.09890986485180892,0.2835180361777779,0.3824279010295868,47.73212093333336,172.73212093333336,125.0,85.19217015292963,282.52549839999995,197.3333282470703
FER,NCCCCN,12.333718146721601,29.833102073113203,17.4993839263916,,0.0,,,0.0,,,1.509700021875,,0.4167375401765717,0.1447928114622222,0.561530351638794,0.0,0.0,0.0,0.08369312556622223,0.08369312556622223,0.0,0.0148,0.0148,0.0,1.1916329011660522,38.62699285600004,37.435359954833984,0.752733487683791,0.997162912088889,0.24442942440509796,65.21790280979818,171.88456693333333,106.66666412353516,1472.6074247887846,276.69591993777783,1749.3033447265625
DDR,C[N+]1(C)C2CCC1CC(O)C2,69.53500776628525,58.322177597484284,127.85718536376953,0.0,0.0,0.0,,,,,6.4476325,,0.2517799344074873,0.0013595912444444443,0.25313952565193176,0.0,0.0,0.0,0.23843689662410075,0.018297116933333336,0.2567340135574341,0.02609447448888889,0.02609447448888889,0.0,30.524192339384765,5.106548780000001,35.630741119384766,0.17158415922554016,0.04864191999999999,0.22022607922554016,7.42943226666668,157.42943226666668,150.0,29.682552937777785,130.31744706222221,160.0
STI,CC[N+](CC)(CC)CC,,35.799457009615395,,0.008,0.008,0.0,0.22885192930698395,0.0,0.22885192930698395,,4.026,,0.013680957795555558,0.013680957795555558,0.0,0.0017996693333333334,0.0017996693333333334,0.0,0.2263402112266667,0.2263402112266667,0.0,0.38104385536227076,0.1300672848888889,0.5111111402511597,11.995453541167937,16.662120048888884,4.666666507720947,0.09914577281333314,0.40085422718666686,0.5,27.26331060000001,142.7366894,170.0,96.15289830302953,306.5137581911111,402.6666564941406
AFX,C[N+]1(CCCCC[N+]2(C)CCCC2)CCCC1,15.333297759571055,15.366631094642857,0.03333333507180214,0.3580247530730112,0.5376543035714285,0.8956790566444397,0.0,0.0,0.0,0.0,0.0,0.0,0.3759299740444442,0.3759299740444442,0.0,0.0,0.0,0.0,0.2220788504400001,0.2220788504400001,0.0,0.016666652634739876,0.0,0.016666652634739876,27.87628492444445,27.87628492444445,0.0,0.07036975947066666,0.07036975947066666,0.0,32.7229111111111,157.2770888888889,190.0,36.25612143246023,123.2467929962507,159.50291442871094
STF,CC1(C)C2CCC[N+](C)(C)C1C2,18.69963452498982,84.14751818497112,102.84715270996094,0.0,0.0,0.0,,,,26.818398481363936,13.181605333333332,40.000003814697266,0.0,0.0,0.0,0.0,0.0,0.0,0.0,0.0,0.0,0.01776824737777778,0.01776824737777778,0.0,0.37256793911111113,0.37256793911111113,0.0,0.0180234496,0.0180234496,0.0,3.625015549023459,160.81942719999998,164.44444274902344,741.793050888863,1026.3871365822224,284.5940856933594
MTN,C1CCNC1,,136.42903373387097,,0.0,0.0,0.0,,0.0,,,0.0,,0.04711501126447511,0.06484845479288888,0.017733443528413773,0.0,0.0,0.0,0.02789177451638008,0.0420785293391111,0.014186754822731018,0.17777790129184723,0.0,0.17777790129184723,19.870369012329398,33.453785951111136,13.583416938781738,2.7688189758341197,0.9403871284444446,3.7092061042785645,0.26666666666667993,160.26666666666668,160.0,155.95928565097654,59.596271600000016,215.55555725097656
AFI,CCN(C(C)C)C(C)C,0.12113673225333339,0.12113673225333339,0.0,0.007620672860705668,0.9668516114563109,0.9744722843170166,0.0,0.0,0.0,0.0,0.0,0.0,0.0,0.0,0.0,0.0,0.0,0.0,0.0,0.0,0.0,0.0,0.0,0.0,0.8835070796429978,14.373134917777763,13.489627838134766,0.08001869805144685,0.29622045271111114,0.376239150762558,1.3775653202690705,172.4886798222222,171.11111450195312,20.47023939903748,33.41864991370666,53.88888931274414
AEN,CC[N+](CC)(CC)CC,0.02334675927111111,0.02334675927111111,0.0,0.2569422737619047,1.0069422737619047,0.75,0.0,0.0,0.0,0.0,0.0,0.0,0.0,0.0,0.0,0.0,0.0,0.0,0.0,0.0,0.0,0.3414029795155556,0.3414029795155556,0.0,17.779127072330027,44.120237301822215,26.341110229492188,0.5575323296503896,0.8260508669333333,0.2685185372829437,36.57314121831595,178.7953702222222,142.22222900390625,164.6504967707288,15.212387750755553,179.86288452148438
BEA,c1ccc(C[N+]23CCC(CC2)CC3)cc1,22.27899166813151,40.85971829166667,18.580726623535156,0.0,0.0,0.0,,,,,9.676334566000001,,0.012342879027499998,0.012342879027499998,0.0,0.0,0.0,0.0,0.43220567668889165,0.26538062129999995,0.6975862979888916,0.16181395510000002,0.16181395510000002,0.0,8.30812328052734,17.784723927499996,9.476600646972656,0.23267738752247064,0.46490914888500007,0.6975865364074707,27.308661650000005,147.69133835,175.0,76.8409164613281,422.4409836,345.6000671386719
AST,CC(C)[N+](C)(C)C,18.21611158181818,18.21611158181818,0.0,0.0,0.0,0.0,0.5570232556796384,1.6862249062991452,1.1292016506195068,0.0,0.0,0.0,0.0009985381099999998,0.0009985381099999998,0.0,0.0,0.0,0.0,0.021144149350000002,0.021144149350000002,0.0,0.012825381949999937,0.48717461805000006,0.5,1.936979255420001,1.936979255420001,0.0,0.018396253900000326,0.5183962539000003,0.5,21.457181647070314,158.92692785,180.3841094970703,18.5588580910335,18.5588580910335,0.0
MTW,C1CN2CCN1CC2,,132.19136061607142,,,0.0,,,0.0,,,0.0,,0.043189949654131324,0.079004571475,0.12219452112913132,0.00289213735,0.00289213735,0.0,0.034393493065163,0.06336214767999997,0.09775564074516296,0.0,0.0,0.0,2.9227183527734795,32.84790451000004,29.925186157226562,0.6520691623502557,1.0935664663500007,1.7456356287002563,0.3305027000000109,160.3305027,160.0,65.003877587,124.253877587,59.25
BEC,CCC[N+]1(CCC)CCC([N+]2(CCC)CCCC2)CC1,13.497822491615032,40.323582379310345,26.825759887695312,0.0,0.0,0.0,5.718116610202898,3.024398000087629,8.742514610290527,11.974145426012246,14.323833928846152,26.2979793548584,0.0,0.0,0.0,0.0,0.0,0.0,0.15681809649999995,0.15681809649999995,0.0,0.17617697005818195,0.3138399969999998,0.49001696705818176,0.8797942494341315,3.7823547030499993,4.662148952484131,0.0156368589790907,0.22937162455000018,0.24500848352909088,0.125,174.875,175.0,0.9237700999999561,336.92377009999996,336.0
MTW,C1CCC[N+]2(CC1)CCCCC2,21.49982707142857,96.49982707142857,75.0,0.0,0.0,0.0,,0.0,,,19.7320965,,0.06982557157950439,0.010503488975,0.0803290605545044,0.0029264167,0.0029264167,0.0,0.2038742299197174,0.043359309900000004,0.2472335398197174,0.1189509114,0.1189509114,0.0,26.99276548633984,17.509271562000002,44.502037048339844,0.07872681531471748,0.16850672450499993,0.2472335398197174,8.589402500000006,161.4105975,170.0,308.45391121499995,644.453911215,336.0
BEC,OCC1CCCN1Cc1cccc(CN2CCCC2CO)c1,,17.83948729268293,,0.0,0.0,0.0,6.916631951865611,10.409146800574717,3.4925148487091064,,,,0.0,0.0,0.0,0.0,0.0,0.0,0.0,0.0,0.0,0.027159513350000053,0.47284048664999995,0.5,0.11760435600000019,4.382395644,4.5,0.00973427140000005,0.24026572859999995,0.25,13.564387699999969,145.81061230000003,159.375,13.212044249999991,196.78795575,210.0
ITE,C1CC[N+]23CCCCC2(C1)CCCC3,43.043355256050205,72.66456916901407,29.621213912963867,,0.0,,,,,,23.464118833333334,,0.09629947692155838,0.0,0.09629947692155838,0.0,0.0,0.0,0.19259893894195557,0.0,0.19259893894195557,0.0343370472,0.0343370472,0.0,26.209547069630858,0.5224132269999999,26.73196029663086,0.06881705237097778,0.0274824171,0.09629946947097778,0.8938829203124783,158.75467665000002,159.6485595703125,964.7427976439453,1149.24272135,184.4999237060547
MFI,C1CCNC1,22.761831942857143,62.76183194285714,40.0,,0.0,,,0.0,,,0.0,,0.017367520524169566,0.10692357380499995,0.08955605328083038,0.0036284027,0.0036284027,0.0,0.004197241270755103,0.075842091346,0.0716448500752449,0.0,0.0,0.0,5.449846590562483,29.727521573500017,35.1773681640625,0.16227495149375004,1.2409492679,1.07867431640625,10.821215599999988,159.1787844,170.0,2.618973338650008,77.11897333865001,74.5
MTW,CC(C)(C)c1cccc(C(C)(C)C)n1,,63.14364775,,0.006802721088435374,0.006802721088435374,0.0,,0.0,,,5.268482039294119,,0.46706294499253237,0.005511080400000001,0.47257402539253235,0.0,0.0,0.0,0.06337823516147711,0.004132317542857143,0.06751055270433426,0.12534870983146273,0.01931676982857143,0.14466547966003418,55.1993852356981,16.783776690571425,71.98316192626953,0.14718599910534425,0.18516067336000008,0.03797467425465584,19.16545154285717,169.16545154285717,150.0,469.4213478386383,154.5789573371429,624.0003051757812
NON,CC1CCCN1,0.0,0.0,0.0,0.0,0.0,0.0,0.0,0.0,0.0,0.037591462643678165,0.037591462643678165,0.0,0.0,0.0,0.0,0.0,0.0,0.0,0.0,0.0,0.0,0.0,0.0,0.0,4.306357394285698,195.6936426057143,200.0,0.035534771428571435,0.035534771428571435,0.0,12.571057382003318,158.11548131428574,170.68653869628906,13.058054467221012,201.2906088628571,214.34866333007812
SFS,CC[N+]1(CC)C(C)CC[C@H]2CCCCC21,,50.11446857971014,,0.0,0.0,0.0,,,,15.49290086751732,17.666815538461535,2.173914670944214,0.04253457512879842,0.03280789378857142,0.07534246891736984,0.011295655600000001,0.011295655600000001,0.0,0.07733938370200782,0.0676704021885714,0.14500978589057922,0.024738450057142855,0.024738450057142855,0.0,10.623876921411,17.458318360571422,28.082195281982422,0.035261141011386124,0.07009480694857141,0.03483366593718529,4.561017085714269,155.43898291428573,160.0,1002.2048247667419,1633.0621245714294,630.8572998046875
MTN,N[C@@H]1C[C@H]2CC[C@@H]1C2,,78.42007668316833,,0.03636363636363636,0.03636363636363636,0.0,,0.0,,,0.0,,0.021982164024000005,0.021982164024000005,0.0,0.0,0.0,0.0,0.04621604077165642,0.009498242366857142,0.055714283138513565,0.0,0.0,0.0,32.540500227349874,52.03091853485716,84.57141876220703,1.936634935857052,0.8919311385142858,2.828566074371338,18.523253763030112,169.95182737142855,151.42857360839844,2795.961893035893,391.56105618285716,3187.52294921875
STF,CC12CCC(C[N+](C)(C)C1)C2(C)C,8.087003811513185,90.4264925874126,98.51349639892578,0.0,0.0,0.0,,,0.0,18.024571214697264,11.975432600000001,30.000003814697266,0.0,0.0,0.0,0.25165703892707825,0.0,0.25165703892707825,0.2728257477283478,0.0,0.2728257477283478,0.0,0.0,0.0,30.46709632873535,0.0,30.46709632873535,0.02116750366985798,0.0,0.02116750366985798,2.5336813882254887,160.3234658285714,162.85714721679688,653.038721156864,893.5523625142858,240.51364135742188
BEC,CC[N+](CC)(CC)Cc1ccccc1,,,40.199954986572266,0.0,0.0,0.0,0.23008541670668015,1.8002180615342867,2.030303478240967,,,40.199989318847656,0.0,0.0,0.0,0.0,0.0,0.0,0.0,0.0,0.0,0.15865183800717797,0.4024889710571429,0.2438371330499649,0.36510847467037344,4.511634365142859,4.876742839813232,0.16496897700717778,0.4088061100571427,0.2438371330499649,20.868131371428575,149.13186862857143,170.0,127.38741478285715,151.38741478285715,24.0
CHA,CN(CCO)CCO,0.041269023854761194,0.23730243281599991,0.2785714566707611,0.025548388902439045,1.025548388902439,1.0,,0.0,,,0.0,,0.0,0.0,0.0,0.0,0.0,0.0,0.0,0.0,0.0,0.0,0.0,0.0,3.1333656437608113,13.003901494285714,9.870535850524902,0.17669100119621128,0.5811258499428573,0.7578168511390686,5.81090426051901,200.09662508571432,194.2857208251953,7.097781378298826,36.473648828,43.57143020629883
FAU,Cc1cccc(C)[n+]1C,1.2994371525183457,10.730241405142857,9.430804252624512,,0.0,,,0.0,,,0.0,,0.06764410783265161,0.11866764377142859,0.1863117516040802,0.0,0.0,0.0,0.09466307508209076,0.0368300016,0.13149307668209076,0.0010613982857142859,0.0010613982857142859,0.0,13.131180583434013,11.811104954285714,24.942285537719727,0.08520496022325195,0.04628813136,0.13149309158325195,2.7019772571428575,132.70197725714286,130.0,446.69631722319997,458.69631722319997,12.0
NON,CC1CCCCN1,0.5228485542168675,0.5228485542168675,0.0,0.0,0.0,0.0,0.0,0.0,0.0,0.0,0.0,0.0,0.003992553154285715,0.003992553154285715,0.0,0.0013325118285714287,0.0013325118285714287,0.0,0.0042789591428571425,0.0042789591428571425,0.0,0.0,0.0,0.0,9.927995262857138,190.07200473714286,200.0,0.06391840377142857,0.06391840377142857,0.0,4.546587735407371,159.32278177142857,163.86936950683594,171.84579275622218,338.85096548571437,167.0051727294922
CHA,CN1CCNCC1,0.734003682582857,0.734003682582857,0.0,0.7718933481328474,1.0411141771428571,0.26922082901000977,0.0,0.0,0.0,0.0,0.0,0.0,0.0026231089714285716,0.0026231089714285716,0.0,0.0,0.0,0.0,0.0009743144571428572,0.0009743144571428572,0.0,0.1169434429428571,0.1169434429428571,0.0,15.307286237665451,15.20966246228572,30.516948699951172,0.41150436102368204,0.2894490033485714,0.7009533643722534,5.436385102857173,185.43638510285717,180.0,50.26474491742857,122.26474491742857,72.0
ERI,C[N+]1(C)CCCCC1,23.951806450535415,7.298197364161849,31.250003814697266,,0.0,,,0.0,,,0.0,,0.09974998651428572,0.09974998651428572,0.0,0.033874146028131324,0.14461613385257133,0.11074198782444,0.24958763519703803,0.3318078120571429,0.5813954472541809,0.0,0.0,0.0,5.623546088339216,15.313467467428572,9.689921379089355,0.36684412185167514,0.21455114658857144,0.5813952684402466,9.740755874285753,140.25924412571425,150.0,204.57157084390693,213.14299914285712,8.571428298950195
AFI,C1CCCNCC1,0.08644093858373847,0.2815706907428571,0.19512975215911865,0.0181274898730146,0.9650885947428571,0.9469611048698425,0.0,0.0,0.0,0.0,0.0,0.0,0.0,0.0,0.0,0.0,0.0,0.0,0.0,0.0,0.0,0.035850969571428574,0.035850969571428574,0.0,2.284841000564283,14.46795517253142,16.752796173095703,0.08790727612406368,0.6122172689142859,0.5243099927902222,6.116697199999919,206.11669719999992,200.0,76.27533547337299,16.296090918228572,92.57142639160156
BEA,CCC[N+]1(CCC)CCC([N+]2(CCC)CCCC2)CC1,8.817787918846435,34.08028486708862,25.262496948242188,0.0,0.0,0.0,0.9227506633636482,3.2991909500000007,2.3764402866363525,13.893554213256184,5.906427857666667,19.79998207092285,0.0008750698400000001,0.0008750698400000001,0.0,0.0,0.0,0.0,0.38115302226717007,0.051820124171428575,0.43297314643859863,0.2806157938285715,0.2806157938285715,0.0,2.66961940181075,2.128299871565715,4.797919273376465,0.012079271522566049,0.2290171952571428,0.24109646677970886,28.180655085714278,146.81934491428572,175.0,256.11215634285725,592.1121563428572,336.0
ITE,C[N+]1(C)CCCCC2CCCCC21,72.01461606676352,61.335527365853665,133.3501434326172,,0.0,,,0.0,,,9.017861575000001,,0.09627699890652867,0.0033470462866666668,0.09962404519319534,0.0,0.0,0.0,0.23025209913648276,0.012166428466666667,0.24241852760314941,0.0987142254,0.0987142254,0.0,38.17069214516146,5.132561028666667,43.303253173828125,0.03112390925821229,0.11167055079999999,0.14279446005821228,10.341081666666668,159.65891833333333,170.0,956.7189461959504,1200.7789590133332,244.0600128173828
MFI,CCCCCCCCCCCCCCCCCC[N+](C)(C)CCCCCC[N+](C)(C)CCCCCC,36.250325938775504,86.2503259387755,50.0,0.0,0.0,0.0,,0.0,,,0.0,,0.17619456344039414,0.19766171283333328,0.3738562762737274,0.0,0.0,0.0,0.2087201934874673,0.2638721603333335,0.4725923538208008,0.0,0.0,0.0,23.423072487226563,57.25601992,80.67909240722656,0.9431663045776766,0.09028274918666665,1.0334490537643433,1.8025664862630038,147.63589473333332,145.8333282470703,90.51252349782553,134.42819610666666,224.9407196044922
MFI,O=C(O)CN(CCN(CC(=O)O)CC(=O)O)CC(=O)O,135.16083548937775,24.20470406140351,159.36553955078125,0.0,0.0,0.0,,0.0,,,0.0,,0.673345296121845,0.7928905099999998,0.11954521387815475,0.0,0.0,0.0,0.3838220364315369,0.5559045202,0.17208248376846313,0.0,0.0,0.0,11.12278437451986,39.016669033333336,27.893884658813477,0.07557590033602635,0.09051906324666659,0.01494316291064024,39.56653459999998,160.43346540000002,200.0,96.18296550666665,168.18296550666665,72.0
AVE,C1CC[N+]2(CC1)CCCC2,0.3457220195243145,0.39572201281879194,0.04999999329447746,0.4305555820465088,0.0,0.4305555820465088,,,0.0,,,0.0,0.44668228293333345,0.44668228293333345,0.0,0.0,0.0,0.0,1.1158179521333331,1.1158179521333331,0.0,0.0,0.0,0.0,2.7094832214436906,16.01908771666666,18.72857093811035,0.09634741650611045,0.5855392764666665,0.48919185996055603,71.72353018,98.27646982,170.0,28.91675767333333,63.08324232666667,92.0
MWW,CCCCCC[N+](C)(C)C,,27.342547666666665,,0.0,0.0,0.0,,,,6.390401363135194,3.609601497887756,10.00000286102295,0.003356602255597623,0.006386900533333333,0.00303029827773571,0.01004208210488467,0.009492034505999997,0.019534116610884666,0.012661957405708186,0.009902513362266668,0.022564470767974854,0.0,0.0,0.0,1.2677193365738937,28.418329306666667,27.150609970092773,0.0246168915069791,0.29612299239999973,0.27150610089302063,1.0570949333333317,168.94290506666667,170.0,0.6661426666666728,167.33385733333333,168.0
STW,CCc1n(C)cc(C)[n+]1C,,30.0,,0.0,0.0,0.0,,,,,,,0.0,0.0,0.0,0.0,0.0,0.0,0.0,0.0,0.0,0.005987311333333301,0.4940126886666667,0.5,0.43575449266666855,4.5642455073333315,5.0,0.012705396199999885,0.5127053961999999,0.5,1.3040832862630225,159.63741153333334,158.3333282470703,321.7501583446667,416.2501583446667,94.5
FER,CCCCN,29.962777049398298,34.22611084685313,4.263333797454834,0.0,0.0,0.0,0.0,0.0,0.0,1.2028788988161956,1.797119909090909,2.9999988079071045,0.14878036262,0.14878036262,0.0,0.0019797277333333334,0.0019797277333333334,0.0,0.09500307648599998,0.09500307648599998,0.0,0.9511009463311869,0.013184129333333334,0.9642850756645203,2.151655048989575,39.177961201333325,37.02630615234375,1.842489040138322,1.0450801489333332,2.8875691890716553,21.628666466666658,168.37133353333334,190.0,33.21164986666662,394.7883501333334,428.0
TON,CC(N)CN,,84.10895543200002,,,0.0,,,0.0,,,0.0,,0.000669122328589275,0.07714460103733332,0.07647547870874405,0.016501763800000003,0.016501763800000003,0.0,0.021488612736995233,0.039691770230000006,0.06118038296699524,0.0,0.0,0.0,8.534744726106766,38.45993088333333,29.925186157226562,0.10783071440580239,0.7412471286666666,0.6334164142608643,0.8556221333333269,160.85562213333333,160.0,15.432706873333316,80.43270687333332,65.0
ETL,C[N+](C)(C)CCO,44.561997056910585,54.561997056910585,10.0,,0.0,,,3.689030927272727,,,7.4918993545454535,,0.16652363869380077,0.003173243673333333,0.1696968823671341,0.0,0.0,0.0,0.3317131764513082,0.27434738806666664,0.6060605645179749,0.02943398873333333,0.02943398873333333,0.0,14.376395684756186,3.805422323666665,18.18181800842285,0.013908602726428188,0.37754497719999996,0.3636363744735718,18.13418200000001,168.134182,150.0,21.684373333333326,189.68437333333333,168.0
ERI,C[N+]1(CCC[N+]2(C)CCCC2)CCCC1,0.9295525869193714,0.9795525876644294,0.05000000074505806,0.06089982885429224,0.9659520636170212,1.0268518924713135,0.08461335824999999,0.08461335824999999,0.0,0.0,0.0,0.0,0.0070733206666666664,0.0070733206666666664,0.0,0.03753339099999999,0.03753339099999999,0.0,0.23254180626666668,0.23254180626666668,0.0,0.06666667014360428,0.0,0.06666667014360428,61.02144543799997,61.02144543799997,0.0,0.35858758040666666,0.35858758040666666,0.0,35.566465833333325,154.43353416666667,190.0,38.96718513937503,321.50132071999997,360.468505859375
UOZ,C[N+](C)(C)CCCCCC[N+](C)(C)C,5.438704777697836,17.438704777697836,12.0,0.0,0.0,0.0,0.7458575318181815,3.2458575318181815,2.5,3.404613265,3.404613265,0.0,0.2922763941333333,0.2922763941333333,0.0,0.0,0.0,0.0,0.1331921488666667,0.1331921488666667,0.0,0.07152298825863795,0.30168171959999995,0.230158731341362,12.79670821063123,16.368136748000005,3.5714285373687744,0.07012726105770611,0.17193624637999988,0.242063507437706,8.911270313736992,164.42205793333332,173.3333282470703,95.76733180000002,303.7673318,208.0
SZR,CC[N+](CC)(CC)CCCCC[N+](CC)(CC)CC,8.637450746893988,9.695883222222223,18.33333396911621,0.0,0.0,0.0,0.0,0.0,0.0,0.0,0.0,0.0,0.20375121066553192,0.02911166420000001,0.23286287486553192,0.2630732209250895,0.0016593783333333334,0.26473259925842285,0.13354237169617916,0.42016081720000004,0.5537031888961792,0.0,0.0,0.0,0.16187369334635093,65.24764334666666,65.08576965332031,0.016264162865807563,0.07092941561586663,0.0871935784816742,1.4000000000000057,161.4,160.0,14.459374973333325,145.54062502666667,160.0
MEI,CN(CCO)CCO,0.8546631531333331,1.229663153133333,0.375,0.2521251604030965,1.0812082126666667,1.3333333730697632,,0.0,,,0.0,,0.007574732133333333,0.007574732133333333,0.0,0.0,0.0,0.0,0.02571339846666667,0.02571339846666667,0.0,0.0,0.0,0.0,1.7044065738102212,17.119123623333333,18.823530197143555,0.0831452313528045,0.5537334683999999,0.47058823704719543,3.3261030666666898,156.6738969333333,160.0,680.2925440333329,1064.292544033333,384.0
AEL,CCNCC,2.436950825704528,2.670284174932433,0.23333334922790527,0.0009465903007517262,1.0009465903007517,1.0,0.0,0.0,0.0,0.0,0.0,0.0,0.0014925573799999998,0.0014925573799999998,0.0,0.0,0.0,0.0,0.0004744086,0.0004744086,0.0,0.0,0.0,0.0,9.241915214291183,20.77009533666667,11.528180122375488,1.0574102075072156,1.3684005708666669,0.3109903633594513,26.731550686263034,200.06487893333335,173.3333282470703,0.5497612678190933,45.88309332958667,45.33333206176758
CHA,NCCNCCN,0.7133584147996904,0.2283082478933333,0.9416666626930237,0.4528135666942148,1.0778135666942148,0.625,0.0,0.0,0.0,0.0,0.0,0.0,0.22777779400348663,0.0,0.22777779400348663,0.0,0.0,0.0,0.069444440305233,0.0,0.069444440305233,0.0416666679084301,0.0,0.0416666679084301,14.179796590312497,10.390637980000003,24.5704345703125,0.6064108981994916,0.8867519273666669,0.2803410291671753,26.10724848626299,199.4405767333333,173.3333282470703,32.255663606666666,55.744336393333334,88.0
MTW,C[N+]12CCCCC1C[C@H]1C[C@@H]2CC2CCCC[N+]21C,,117.14831544,,0.0,0.0,0.0,,0.0,,36.45299530029297,0.0,36.45299530029297,0.2193242126459889,0.25149923947999997,0.03217502683401108,0.01589057853333333,0.01589057853333333,0.0,0.06487257626666669,0.06487257626666669,0.0,0.003546965133333333,0.003546965133333333,0.0,19.204479944539063,17.500125158,36.70460510253906,0.1546060346902312,0.05491727060666668,0.2095233052968979,1.189093666666679,148.81090633333332,150.0,196.1568386555649,415.8434054850601,612.000244140625
AEL,CCCCNCCCC,0.04066428930988383,0.14066429079999995,0.10000000149011612,0.13861902227352796,1.0478783415789479,0.9092593193054199,0.0,0.0,0.0,0.0,0.0,0.0,0.0,0.0,0.0,0.0,0.0,0.0,0.0,0.0,0.0,0.0032739836,0.0032739836,0.0,9.461420914154134,6.267030814666667,15.7284517288208,0.046004441829866516,0.2834332908666667,0.3294377326965332,4.069210686263034,184.90253893333335,180.8333282470703,99.70137577333333,68.29862422666667,168.0
MFI,CCCNCCC,,80.60366855238095,,0.0,0.0,0.0,,0.0,,,0.0,,0.03479622221879297,0.10628416306666666,0.07148794084787369,0.009059266442666665,0.009059266442666665,0.0,0.003384882181430106,0.05380547645733332,0.05719035863876343,0.2083333283662796,0.0,0.2083333283662796,9.384923998094088,39.322578493333346,29.937654495239258,0.013387120044256129,0.7351582286000005,0.7485453486442566,3.9559995529296827,157.7106722,161.6666717529297,69.27699738100262,323.4437606866667,254.16676330566406
GIS,C[N+](C)(C)C,4.8697786900787765,5.897278842666667,1.0275001525878906,,0.0,,0.0,0.0,0.0,0.0,0.0,0.0,0.061555446706279715,0.2282221183400001,0.1666666716337204,0.04562303560486031,0.001995998,0.047619033604860306,0.09909348869543666,0.6400188288666666,0.7391123175621033,0.0,0.0,0.0,20.760664664969394,18.85847214533334,39.619136810302734,0.17546086417672735,0.516032349,0.6914932131767273,13.743397843131532,110.41006196666669,96.66666412353516,13.496500786666658,122.50349921333334,136.0
FER,NC1CCCCC1,14.07470329082475,39.706649854545454,25.631946563720703,,0.0,,,0.0,,,0.0,,0.022551392158863343,0.15864177509247998,0.13609038293361664,0.10485825261363067,0.0042050896,0.10906334221363068,0.03575946900706484,0.09492547299999998,0.13068494200706482,0.0042204628,0.0042204628,0.0,27.757839948785545,34.4633018664,62.22114181518555,0.6767464978823472,1.088939408792,0.4121929109096527,54.72248920000001,153.2775108,208.0,446.6289850559999,468.6289850559999,22.0
SOD,C1CCC2(C1)CCC[NH2+]2,1.063962908000001,2.063962908000001,1.0,,,,,,,,,,0.18531544589408733,0.8988846979199996,1.084200143814087,0.0,0.0,0.0,1.4968033111085066,0.8768629753599992,2.373666286468506,0.0,0.0,0.0,39.06691139600001,16.93308860399999,56.0,2.497657180161328,0.7413755652000001,3.239032745361328,6.5231381199999845,106.52313811999998,100.0,805.7160655557578,942.916062504,137.1999969482422
DOH,CC1CNCCN1,1.2738353580246913,1.2738353580246913,0.0,0.0,0.0,0.0,0.0,0.0,0.0,0.49081471717171715,0.49081471717171715,0.0,0.0,0.0,0.0,0.0,0.0,0.0,0.0,0.0,0.0,0.0,0.0,0.0,50.02909397600004,149.97090602399996,200.0,0.5966642187999999,0.5966642187999999,0.0,3.306056228437484,173.23635407999998,169.9302978515625,234.63559960800006,414.63559960800006,180.0
TON,CCC(C)N,,71.74979465486724,,,0.1111111111111111,,,0.0,,,0.0,,0.03282985891814514,0.05295567904,0.08578553795814514,0.03464696771200001,0.03464696771200001,0.0,0.018765799898516095,0.04986263046800002,0.06862843036651611,0.0,0.0,0.0,15.614325218773438,45.539511376,29.925186157226562,0.8525926056243578,0.5439162072800001,1.396508812904358,3.3600000000000136,163.36,160.0,200.83418097599994,247.83418097599994,47.0
STF,CC1(C)CC2CC(C)(C1)C[N+]2(C)C,54.38246210389613,76.38246210389613,22.0,0.0,0.0,0.0,,,0.0,19.698736,19.698736,0.0,0.0,0.0,0.0,0.0,0.0,0.0,0.010664542879999999,0.010664542879999999,0.0,0.06543882399999999,0.06543882399999999,0.0,116.1880807312,3.811919268799999,120.0,0.07775662112,0.07775662112,0.0,7.833646293789059,160.39808416,152.56443786621094,274.35490367765635,648.7444910800001,374.38958740234375
MOR,CC[N+](CC)(CC)CCC[N+](CC)(CC)CC,3.453849161290325,26.546150838709675,30.0,,0.0,,,0.0,,,0.0,,0.20685481904035863,0.6563709986400003,0.8632258176803589,0.017868093999999998,0.017868093999999998,0.0,0.19587033899500694,0.8609036812000004,1.0567740201950073,0.0,0.0,0.0,1.6836704540976584,40.393349104,38.709678649902344,0.020915213728291332,0.07585897693600005,0.09677419066429138,0.41649520000001417,160.4164952,160.0,5.108748239999983,173.10874823999998,168.0
AFI,Fc1cccc(CN2CCCC2)c1,0.050408217592464485,0.09959178836799999,0.15000000596046448,0.030856274480000057,0.9691437255199999,1.0,0.0,0.0,0.0,0.0,0.0,0.0,0.0,0.0,0.0,0.0,0.0,0.0,0.0,0.0,0.0,0.0,0.0,0.0,1.1824946956837916,10.515828664800003,9.333333969116211,0.0538023964144172,0.2871357158400001,0.23333331942558289,8.673303118007823,151.69945384,160.3727569580078,141.7886530563656,64.2298100784,206.01846313476562
AFI,CN1C2CCC1CC(O)C2,20.216723910598297,20.216723910598297,0.0,0.24224617678571403,0.757753823214286,1.0,0.0,0.0,0.0,0.0,0.0,0.0,0.0269338336,0.0269338336,0.0,0.005363029488000001,0.005363029488000001,0.0,0.013894413792000002,0.013894413792000002,0.0,0.21365552104326233,0.006344418160000001,0.21999993920326233,18.2466799704,21.7533200296,40.0,0.3073179244820437,0.102682101744,0.4100000262260437,24.95891087999999,159.04108912,184.0,0.8968786603999988,48.8968786604,48.0
MFI,C(CCC[N+]12CCC(CC1)CC2)CC[N+]12CCC(CC1)CC2,75.6266520970052,40.37380566666666,116.00045776367188,0.0,0.0,0.0,,0.3125,,,0.0,,0.008360370880126212,0.011559946576000001,0.019920317456126213,0.0,0.0,0.0,0.06637356268233777,0.08230982,0.01593625731766224,0.08271406861469732,0.21328593519999994,0.29600000381469727,15.239923886065139,20.039924076800002,4.800000190734863,0.1084699179406513,0.25646991984799994,0.14800000190734863,3.324183359999978,163.67581664000002,167.0,733.7213143542813,1092.470032616,358.74871826171875
IFW,CN(C)[P+](CCCC[P+](N(C)C)(N(C)C)N(C)C)(N(C)C)N(C)C,,3.1598661904761904,,0.0,0.0,0.0,,2.0773743764705883,,9.823053254214837,6.9198075398525445,16.742860794067383,0.0,0.0,0.0,0.0,0.0,0.0,0.006538767872557527,0.32653876072000015,0.3199999928474426,0.07235510781186066,0.0076448904,0.07999999821186066,21.851060533079988,30.851060533079988,9.0,0.04627935420139345,0.15372066367999998,0.20000001788139343,2.319999999999993,152.32,150.0,48.341585719999955,287.65841428000004,336.0
AWO,CNC,4.1384813599999996e-06,4.1384813599999996e-06,0.0,0.42433705710879144,0.8984110333870965,0.47407397627830505,0.0,0.0,0.0,0.0,0.0,0.0,0.0,0.0,0.0,0.0,0.0,0.0,0.0,0.0,0.0,0.0,0.0,0.0,8.296838124077732,8.790804545600002,17.087642669677734,0.028959562549668805,0.8627433679199996,0.8337838053703308,5.0816673600000115,174.91833264,180.0,93.9012698395156,131.69873626400002,225.60000610351562
JST,NCCN,0.003409090909090909,0.003409090909090909,0.0,0.130373447624,0.130373447624,0.0,1.1166379375652173,1.1166379375652173,0.0,0.09795713333333332,0.09795713333333332,0.0,0.0,0.0,0.0,0.0,0.0,0.0,0.0,0.0,0.0,0.12679005401429017,0.07213475568,0.19892480969429016,146.68218711000063,21.282320946639995,167.96450805664062,3.726597603601191,2.22674197312,5.953339576721191,7.989777360000005,171.98977736,164.0,7.043963371757798,165.75603968000001,172.8000030517578
MFI,CN(C)CC(C)(C)CN(C)C,7.932506424999996,20.932506424999996,13.0,,0.0,,,0.0,,,0.0,,0.057512313514311963,0.16686295011576002,0.10935063660144806,0.00143459176,0.00143459176,0.0,0.042831427440505325,0.04464911760343999,0.08748054504394531,0.0,0.0,0.0,7.502708614763677,35.933880032000005,28.431171417236328,0.06879744098105178,0.9800529198399995,0.9112554788589478,1.073691679999996,158.92630832,160.0,106.23253674024218,104.967460208,211.1999969482422
STF,CC[N+]1(C)C2CCCC1CCC2,55.155185736842114,72.34481426315789,127.5,0.0,0.0,0.0,,,,39.96322837939453,20.036779250000002,60.00000762939453,0.0,0.0,0.0,0.0,0.0,0.0,0.0,0.0,0.0,0.17385273048000002,0.17385273048000002,0.0,2.2220119512000003,2.2220119512000003,0.0,0.18294229248,0.18294229248,0.0,7.176013680000011,156.82398632,164.0,423.28299855203124,717.13572072,293.85272216796875
PWN,C[N+]12CC[N+](C)(CC1)CC2,6.2202398296000005,13.7202398296,7.5,,0.0,,,0.0,,,0.0,,0.008724822070553181,0.020444312472,0.01171949040144682,0.0024191020070470585,0.0011555212536,0.0035746232606470585,0.02295720838007012,0.10998397804799995,0.13294118642807007,0.0,0.0,0.0,2.5319192077150667,3.944861021184,1.412941813468933,0.05712156560651992,0.11594510268799994,0.058823537081480026,5.540288391999994,125.540288392,120.0,17.30864927999994,353.30864927999994,336.0
MFI,CC[N+](CC)(CC)CCCCCCCCC[N+](CC)(CC)CC,0.09361630578511893,30.09361630578512,30.0,,0.0,,,0.0,,,0.0,,0.09972456348438119,0.5371439184000001,0.4374193549156189,0.08875592361923981,0.027373132,0.11612905561923981,0.05540652616236397,0.8025032435199995,0.7470967173576355,0.0,0.0,0.0,0.6796061740976285,39.38928482399997,38.709678649902344,0.011072257512291378,0.085701933152,0.09677419066429138,0.0800000000000125,160.08,160.0,0.6545883200000162,168.65458832000002,168.0
AEN,C[N+](C)(C)C,0.2231267187903226,0.2231267187903226,0.0,0.5129445157407406,1.0129445157407406,0.5,0.0,0.0,0.0,0.0,0.0,0.0,0.0,0.0,0.0,0.0,0.0,0.0,0.0,0.0,0.0,0.41517459335999984,0.41517459335999984,0.0,40.56888986530274,1.4311063199999998,41.999996185302734,2.1922653119028808,2.525598625367999,0.3333333134651184,19.964329439999972,180.03567056000003,200.0,91.585838698288,28.414161301712,120.0
BEA,C[N+](C)(Cc1ccccc1)Cc1ccccc1,,66.6481639142857,,0.0,0.0,0.0,,0.40001688,,,17.50698,,0.008676978656000001,0.008676978656000001,0.0,0.0,0.0,0.0,0.28458011303199987,0.28458011303199987,0.0,0.4901014210576721,0.0498986004,0.5400000214576721,21.803439910560844,29.067440803200004,7.26400089263916,0.28167189324111686,0.3623281005600001,0.6439999938011169,7.542589359999994,142.54258936,135.0,137.76123661090605,675.3612732319998,537.6000366210938
BEA,CC1CC(C)C[N+]2(Cc3ccccc3C2)C1,2.6024403609798394,11.943158622784809,14.545598983764648,,0.0,,5.87555771821634,4.1255428219447925,10.001100540161133,,6.157519445833333,,0.0,0.0,0.0,0.0,0.0,0.0,0.0,0.0,0.0,0.035252633832751484,0.1703750757944,0.2056277096271515,1.4199368050119414,7.203486113788797,5.7835493087768555,0.0009568648394132906,0.23472309279999984,0.23376622796058655,0.0,175.0,175.0,1.1519999999999868,166.848,168.0
MFI,CC[N+](CC)(CC)CCCCCCC[N+](CC)(CC)CC,0.050822053191492245,29.949177946808508,30.0,,0.0,,,0.0,,,0.0,,0.2829416730247558,0.41116747639999995,0.12822580337524414,0.11732307529875946,0.027838240499999996,0.14516131579875946,0.07174860500097646,0.6838453914999999,0.6120967864990234,0.0,0.0,0.0,11.905441610097654,50.61512026,38.709678649902344,0.010553227464291395,0.08622096319999999,0.09677419066429138,0.7646555000000035,160.7646555,160.0,7.997707800000001,160.0022922,168.0
MTW,CC[N+]1(CC)CCCC2CCCCC2C1,35.023853593424505,114.99294633333331,150.0167999267578,,0.0,,,0.0,,,12.991244166666668,,0.08457978823290634,0.015487492000000002,0.10006728023290634,0.0,0.0,0.0,0.16437282434803768,0.07912421950000002,0.24349704384803772,0.060125315199999994,0.060125315199999994,0.0,21.153058942833976,22.34284788700001,43.495906829833984,0.004236547735449209,0.1476663039,0.14342975616455078,11.556155500000017,158.44384449999998,170.0,100.43734450156256,404.36642165000006,303.9290771484375
MTW,C[N+](C)(C)CCCC[N+](C)(C)C,12.495921705882353,42.49592170588235,30.0,,0.0,,,,,,,,0.09044140470790646,0.36300695049000004,0.4534483551979065,0.00898993515,0.00898993515,0.0,0.00471008584290078,0.19042343630999992,0.1951335221529007,0.0,0.0,0.0,1.069509105556648,37.95719758999999,39.02670669555664,0.01763316719645039,0.07993359387999996,0.09756676107645035,3.0999999999999943,163.1,160.0,86.96777139999998,165.03222860000002,252.0
MOR,CN(C)CCCN(C)C,36.164668495,39.914668495,3.75,,0.0,,,0.0,,,0.0,,0.08819684142815479,0.18105397130000003,0.09285712987184525,0.07229500980000002,0.07229500980000002,0.0,0.01716311191575605,0.091448812833,0.07428570091724396,0.0,0.0,0.0,20.600494654750968,44.74335315999999,24.142858505249023,0.5725722582026881,0.2012372939899999,0.773809552192688,8.516870400000016,161.48312959999998,170.0,292.07816964168,436.07816964168,144.0
CTH,Cc1cc(C)cc(Cn2cc[n+](C)c2)c1,,,,0.0,0.0,0.0,3.1110758695580074,4.388923176767676,7.499999046325684,,,,0.0,0.0,0.0,0.0,0.0,0.0,0.0,0.0,0.0,0.09583338270000019,0.4041666172999998,0.5,4.217108913999999,5.782891086000001,10.0,0.0216894440999999,0.4783105559000001,0.5,9.5186554,150.4813446,160.0,1118.5402821999994,1412.5402821999994,294.0
CGS,C1CN2CCC1CC2,,2.3467991200000005,,0.014345991645569621,0.014345991645569621,0.0,,0.0,,,0.13333333333333333,,0.040233370959999994,0.040233370959999994,0.0,0.0211188871,0.0211188871,0.0,0.040995689,0.040995689,0.0,0.0224019608,0.0224019608,0.0,139.0029540877593,139.5591063123,0.5561522245407104,0.48289149610600346,0.93238979189,0.4494982957839966,41.397991160000004,118.60200884,160.0,109.93937348010002,277.9393734801,168.0
BEA,CC1CC[N+]2(CCCC3CCCCC32)CC1,27.033307333333333,42.03330733333333,15.0,0.0,0.0,0.0,,,,,15.0,,0.06626171788793808,0.00264532694,0.06890704482793808,0.0,0.0,0.0,0.27348514831114806,0.0076174196,0.28110256791114807,0.4043782634000001,0.4043782634000001,0.0,54.435433104394534,6.408324525000001,60.84375762939453,0.22200258847568805,0.4438134806999999,0.22181089222431183,2.974851699999988,150.7751483,153.75,44.344298300000105,284.3442983000001,240.0
MRE,CC[N+](C)(C)CCCCCC[N+](C)(C)CC,,96.04055928205128,,0.0,0.0,0.0,,0.0,,,0.0,,0.18778749867999994,0.18778749867999994,0.0,0.04985008,0.04985008,0.0,0.11215260743930672,0.2843990015999999,0.39655160903930664,0.005,0.005,0.0,18.39590292521487,48.137274080000026,29.741371154785156,0.10237943721465335,0.09589636730499997,0.19827580451965332,6.482579600000037,173.51742039999996,180.0,70.74898805999997,121.25101194000003,192.0
LAU,Cn1ccnc1,1.6674806914893618,1.6674806914893618,0.0,0.0,0.0,0.0,0.0,0.0,0.0,0.0,0.0,0.0,0.016950721,0.016950721,0.0,0.0023642766,0.0023642766,0.0,0.019752657979999998,0.019752657979999998,0.0,0.005,0.005,0.0,179.60323568999996,179.60323568999996,0.0,0.5680197025306519,0.11060051669999998,0.6786202192306519,6.985119020000013,153.01488098,160.0,379.34763404,547.34763404,168.0
EMT,CC[N+](CC)(CC)CC,0.939337439765136,3.4794123695000008,4.418749809265137,0.0,0.0,0.0,0.0,0.0,0.0,0.0,0.0,0.0,0.28473029581702247,0.7843900128999998,0.4996597170829773,0.0,0.0,0.0,0.10833915241242975,0.38323812849999994,0.2748989760875702,0.0,0.0,0.0,60.56944317956252,57.23780779699998,117.8072509765625,0.10686188007757016,0.16803709601000003,0.2748989760875702,43.283461106718775,102.04142902999997,145.32489013671875,159.659488068375,87.578549041,247.238037109375
TON,CCn1cc[n+](CC)c1,,49.046861146153844,,0.0,0.0,0.0,,0.0,,,0.0,,0.0088086603,0.0088086603,0.0,0.02502329136,0.02502329136,0.0,0.013562755349999976,0.048937244650000024,0.0625,0.1875,0.0,0.1875,23.607378589999996,35.732378589999996,12.125,0.1782589028,0.07174109719999998,0.25,5.076620900000023,155.07662090000002,150.0,55.919953067031145,390.5769341400001,446.49688720703125
CTH,Cc1cc(C)cc(Cn2cc[n+](C)c2C)c1,,57.5,,0.0,0.0,0.0,4.083991027575683,3.41600801875,7.499999046325684,,,,0.0,0.0,0.0,0.0,0.0,0.0,0.004,0.004,0.0,0.024522130200000047,0.47547786979999995,0.5,3.953366641999999,6.046633358000001,10.0,0.000657393899999914,0.4993426061000001,0.5,9.400000000000006,150.6,160.0,298.18800745468775,1012.1881295250002,714.0001220703125
SAV,C1CNCCNCCCNCCNC1,0.9881690140593031,1.0881690229999998,0.10000000894069672,0.24990802217948693,0.8749080221794869,0.625,0.0,0.0,0.0,0.0,0.0,0.0,0.027006794999999997,0.027006794999999997,0.0,0.0173962626,0.0173962626,0.0,0.025050545599999995,0.025050545599999995,0.0,0.0,0.0,0.0,20.883631749999978,130.88363174999998,110.0,0.13362242924426787,0.15962243350599997,0.0260000042617321,21.40807536542971,187.11152080000002,165.7034454345703,82.94282873929686,86.97388879000002,169.91671752929688
DDR,C1CN2CCC1CC2,,51.35348216666667,,0.0,0.0,0.0,,,,2.3987518442181104,1.3239048826190476,3.722656726837158,0.0,0.0,0.0,0.0,0.0,0.0,0.0,0.0,0.0,0.0,0.0,0.0,6.417919070000011,58.58208092999999,65.0,0.3030418427576722,1.0130418213,0.7099999785423279,2.5829048999999884,197.5829049,195.0,1093.4893333786722,1439.7642662400003,346.2749328613281
BEA,C[N+](C)(C)Cc1ccccc1,0.2726630118659017,35.721584424657536,35.99424743652344,,0.0,,,0.0,,,6.59316632,,0.015032412537095644,0.021578891149999998,0.03661130368709564,5.5190343e-05,5.5190343e-05,0.0,0.10163470257715768,0.23484147439999992,0.3364761769771576,0.0290882779,0.0290882779,0.0,3.6967145041467298,11.158153160000001,7.4614386558532715,0.03381330777947994,0.30266289900000004,0.33647620677948,17.994050639999983,141.74405063999998,123.75,14.798318059999957,237.20168194000004,252.0
MEL,CCCN,,68.51562226190478,,0.0,0.0,0.0,,0.0,,,0.6794195,,0.12264304323000003,0.12264304323000003,0.0,0.0096674744,0.0096674744,0.0,0.07421074981000005,0.07421074981000005,0.0,0.0,0.0,0.0,46.37816495757813,43.621865559999996,90.00003051757812,0.9404041987900001,0.9404041987900001,0.0,26.233925900000003,153.7660741,180.0,97.71184527459997,145.71184527459997,48.0
MTW,N[C@H]1CC[C@H](N)CC1,,70.5077292518072,,,0.0,,,0.0,,,0.6666666666666666,,0.014858710062464003,0.12458439399000001,0.10972568392753601,0.0139024349,0.0139024349,0.0,0.023570688584361038,0.06420986153790001,0.08778055012226105,0.0,0.0,0.0,11.663151122773435,41.58833728,29.925186157226562,0.014411926274062625,0.8584060668899999,0.8728179931640625,3.5299970000000087,156.470003,160.0,246.38279615799996,311.38279615799996,65.0
ATS,CCCNCCC,0.04270555834000001,0.04270555834000001,0.0,0.19745388840874167,0.9974539003296706,0.800000011920929,0.0,0.0,0.0,0.0,0.0,0.0,0.0,0.0,0.0,0.0,0.0,0.0,0.0,0.0,0.0,0.0009456896,0.0009456896,0.0,5.750433815744142,16.861544503,11.11111068725586,0.19753578957674556,0.47531358059999995,0.2777777910232544,47.09124130000001,213.3412413,166.25,54.687427846171886,86.55619397999999,141.24362182617188
MWW,c1ccc(C[N+]23CCC(CC2)CC3)cc1,9.40077690360389,28.20130066153846,18.80052375793457,,0.0,,,,,,,,0.0,0.0,0.0,0.0,0.0,0.0,0.7049832344055176,0.0,0.7049832344055176,0.41709459093333334,0.41709459093333334,0.0,10.09883366226644,4.0226673066666665,14.121500968933105,0.21098375722409657,0.4939997156000001,0.7049834728240967,3.794463980403634,149.53886426666668,153.3333282470703,19.232605363645803,652.7675167066667,672.0001220703125
AFI,C1CN2CCN1CC2,2.419968647466667,2.419968647466667,0.0,0.6291630647272727,0.6291630647272727,0.0,0.0,0.0,0.0,0.0,0.0,0.0,0.0037878005333333337,0.0037878005333333337,0.0,0.0,0.0,0.0,0.002478613866666667,0.002478613866666667,0.0,0.0030254108000000004,0.0030254108000000004,0.0,68.68743031173038,69.49517201333332,0.8077417016029358,0.2955016665722584,0.6416765325333332,0.34617486596107483,19.115406266666668,189.11540626666667,170.0,86.17243948266668,81.82756051733332,168.0
IHW,C[N+]1(C)CC2C(C1)C1C[N+](C)(C)CC21,3.7494608889607193,32.05791730985916,28.308456420898438,,0.0,,,3.674900575,,,14.926007,,0.015691207746666668,0.015691207746666668,0.0,0.009045870666666666,0.009045870666666666,0.0,0.36922231559999996,0.36922231559999996,0.0,0.4353247902051585,0.043005255733333324,0.4783300459384918,2.1467500516750473,8.843370515999998,6.696620464324951,0.0345031260359126,0.2046618969333333,0.2391650229692459,0.4936973333333299,174.50630266666667,175.0,9.597421466666674,326.4025785333333,336.0
MTW,C[N+](C)(C)C1CC2CC1C1CCCC21,103.15094880659284,119.81761865217389,16.666669845581055,0.0,0.0,0.0,,0.0,,33.956413999999995,53.956413999999995,20.0,0.06947462766580759,0.05864753813333334,0.12812216579914093,0.0047350326666666664,0.0047350326666666664,0.0,0.11103441677502138,0.16187662519999999,0.27291104197502136,0.03126322066666667,0.03126322066666667,0.0,8.092736950750002,45.218225232,37.12548828125,0.02902478653861404,0.17381364781333328,0.14478886127471924,6.802818913736957,163.46949066666664,156.6666717529297,291.9871344,451.9871344,160.0
IFR,OC1C[N+]2(Cc3ccccc3)CCC1CC2,0.1777614492452848,29.234002695652176,29.41176414489746,,0.0,,,0.0,,,4.118921,,0.0011362619466666669,0.0011362619466666669,0.0,0.11043761105560507,0.015287717866666668,0.12572532892227173,0.11892283923136143,0.2002260588933334,0.3191488981246948,0.2014425636,0.2014425636,0.0,14.823025203026688,23.86169388266667,38.68471908569336,0.27310453976308235,0.46652812386666664,0.1934235841035843,3.2700557937369865,150.06327245333333,153.3333282470703,318.8885973536117,335.2219236933334,16.33332633972168
MTW,NCC1CCNCC1,,73.35097426153847,,0.0,0.0,0.0,,0.0,,3.6082128482657296,0.39178762857142857,4.000000476837158,0.010940919786136136,0.07411630746666668,0.06317538768053055,0.042622770799999994,0.042622770799999994,0.0,0.04359299303350821,0.07361399768533335,0.11720699071884155,0.0,0.0,0.0,8.352204458717452,46.80233110666667,38.45012664794922,0.38836702498125797,0.6099704822666668,0.9983375072479248,4.066671752929693,157.4,153.3333282470703,994.7852458742708,816.4690265866667,1811.2542724609375
FAU,C(CCN1CCOCCOCCOCCOCC1)CN1CCOCCOCCOCCOCC1,1.2074989973333339,3.792501002666666,5.0,,,,,,,,,,0.011236728996129375,0.42790344533333335,0.416666716337204,0.0,0.0,0.0,0.013436628599225897,0.3467699718666667,0.3333333432674408,0.0,0.0,0.0,0.9334572590698276,12.955431099999997,13.888888359069824,0.0013663233642752584,0.05136632410933332,0.05000000074505806,7.861393306666656,102.13860669333334,110.0,73.75477493333341,433.7547749333334,360.0
FER,Cn1cc[n+](C)c1,10.059102223214285,23.059102223214285,13.0,,0.0,,,0.0,,,0.0,,0.0182457336,0.0182457336,0.0,0.0,0.0,0.0,0.019662206800000002,0.019662206800000002,0.0,0.6249952350314291,0.10985326426666665,0.7348484992980957,6.336327868487631,10.699963885333334,4.363636016845703,0.35231396600952475,0.11738303258666666,0.4696969985961914,17.192973466666672,157.80702653333333,175.0,685.9821191999999,997.9821191999999,312.0
AEL,CCN1C=CN(C)C1C(=O)[O-],0.05904821279999999,0.05904821279999999,0.0,0.9714798866666666,0.9714798866666666,0.0,0.0,0.0,0.0,0.0,0.0,0.0,0.0,0.0,0.0,0.0,0.0,0.0,0.0,0.0,0.0,0.533703833520929,0.016296178400000003,0.550000011920929,27.479489918666673,27.479489918666673,0.0,5.593815367040478,0.5037669732,6.0975823402404785,17.466004666666663,187.46600466666666,170.0,31.218258120000016,103.21825812000002,72.0
AEN,OSDA-free,0.13432775818666665,0.13432775818666665,0.0,0.08229994588643841,0.653095306818182,0.7353952527046204,0.0,0.0,0.0,0.0,0.0,0.0,0.21143059895944213,0.005093704,0.21652430295944214,0.0,0.0,0.0,0.002067182,0.002067182,0.0,0.11084569013333334,0.11084569013333334,0.0,44.78545150617023,72.00767097333332,27.222219467163086,0.11750998324077411,0.2158233600266667,0.3333333432674408,3.598810266666675,183.59881026666667,180.0,16.993032489733338,41.99303248973334,25.0
MTW,C[N+]1(C2CCCCC2)CCCC1,88.3200826875,88.3200826875,0.0,0.0,0.0,0.0,0.0,0.0,0.0,38.660581694117646,38.660581694117646,0.0,0.07468794068400002,0.07468794068400002,0.0,0.0,0.0,0.0,0.15700910746666666,0.15700910746666666,0.0,0.3268816694007741,0.006451673866666666,0.3333333432674408,25.897950506666668,45.60204949333333,71.5,0.20483691022744077,0.12849643304000002,0.3333333432674408,3.2308840375000045,163.9712644,167.2021484375,36.27224209420578,242.30005886666672,206.02781677246094
MTW,CN(C)CCCCCC[N+](C)(C)Cc1ccc(C[N+](C)(C)CCCCCCN(C)C)cc1,59.7027877099745,76.36945755555556,16.666669845581055,,0.0,,,0.0,,,0.0,,0.27442303259910134,0.08406770269333336,0.3584907352924347,0.0,0.0,0.0,0.18138725850341061,0.21912307831999997,0.037735819816589355,0.0,0.0,0.0,11.665869938509104,55.88131786666668,67.54718780517578,0.07847547071308165,0.09734338434666663,0.018867913633584976,9.025726800000001,140.9742732,150.0,83.88379730666668,119.88379730666668,36.0
GIS,NCCN,0.09416976716216216,0.09416976716216216,0.0,0.06100053636363636,0.06100053636363636,0.0,0.0,0.0,0.0,0.0,0.0,0.0,0.007532548,0.007532548,0.0,0.0,0.0,0.0,0.031452301333333335,0.031452301333333335,0.0,0.0,0.0,0.0,72.43062907294399,147.60205393866664,75.17142486572266,0.6692344440256344,0.8120915634666668,0.1428571194410324,3.1054541733333565,156.89454582666664,160.0,112.53324169333337,216.53324169333337,104.0
MTW,C[N+](C)(C)CCCCC[N+](C)(C)C,10.681599468749994,40.701618999999994,30.02001953125,,0.0,,,,,,14.68147,,0.23141165103509648,0.3830246033866666,0.15161295235157013,0.0,0.0,0.0,0.4567908423112891,0.16580780575999995,0.6225986480712891,0.0,0.0,0.0,3.3673749383756544,38.24645181333333,41.613826751708984,0.01850249689352519,0.07827377993333333,0.09677627682685852,1.3303753333333361,161.33037533333334,160.0,0.5054719999999975,167.494528,168.0
EUO,C[N+](C)(C)CCCCC[N+](C)(C)C,3.380647936177887,33.39566258461539,30.0150146484375,,0.0,,,6.846181773333334,,,35.7714055,,0.06842747941995364,0.26837416872,0.3368016481399536,0.0,0.0,0.0,0.29364931597903976,0.1600491701106667,0.4536984860897064,0.08138346093333335,0.08138346093333335,0.0,14.611137849989586,25.966071622666664,40.57720947265625,0.02340379633653905,0.10666814170133326,0.13007193803787231,11.24339599999999,171.243396,160.0,165.35119645333336,210.64880354666664,376.0
MFI,CCn1ccc[n+]1CCCCCC[n+]1cccn1CC,10.940675253333332,39.05932474666667,50.0,,0.0,,,0.0,,,0.0,,0.060266511462284345,0.30536450626666667,0.24509799480438232,0.02827222186666667,0.02827222186666667,0.0,0.016891623743079398,0.5757152092533333,0.5588235855102539,0.0,0.0,0.0,16.191654535419914,52.13936647999999,35.94771194458008,0.03251526205170893,0.18937799779999995,0.15686273574829102,0.6862709333333328,159.31372906666667,160.0,641.3828150666667,761.3828150666667,120.0
BEA,CCC[N+]1(C)CCCC1,19.815773546024282,35.48244243793102,15.666668891906738,,0.0,,,0.0,,,5.919790833333334,,0.05823951751567756,0.035473922485333334,0.0937134400010109,0.0,0.0,0.0,0.04734824363565579,0.23477515343999997,0.18742690980434418,0.006666666666666667,0.006666666666666667,0.0,6.260171920827389,10.945844203999997,4.685672283172607,0.15574617859565582,0.3431730884,0.18742690980434418,10.417192133333288,135.4171921333333,125.0,32.10345106666665,200.10345106666665,168.0
LTJ,OSDA-free,0.6549550586383981,1.2980873293239432,1.9530423879623413,,0.0,,,0.0,,,0.0,,0.5664955530666667,0.5664955530666667,0.0,5.282556142908772,0.007429990666666666,5.2899861335754395,1.8583321728532307,0.5758354506666666,2.4341676235198975,0.0,0.0,0.0,2.214420383243816,22.527589733333333,24.74201011657715,0.008709004,0.008709004,0.0,10.387880176868492,116.27878394666666,126.66666412353516,116.01883175210935,257.71429684,141.69546508789062
MFI,CN(C)CCCCCCN(C)C,8.600306929505301,39.316357194029855,47.916664123535156,0.0,0.0,0.0,2.0,0.0,2.0,,0.37271581818181815,,0.2615905637333334,0.2615905637333334,0.0,0.0751708663267924,0.05517084233333333,0.13034170866012573,0.12550946088430384,0.22978283973333338,0.10427337884902954,0.4166666567325592,0.0,0.4166666567325592,15.107649833463562,60.62940886666669,45.521759033203125,2.0396230451582635,0.12324616985333334,2.1628692150115967,4.666666666666657,160.33333333333334,165.0,677.9902412666668,949.9902412666668,272.0
MRE,C[N+](C)(C)CCCCCCCC[N+](C)(C)C,14.15511858333332,85.84488141666668,100.0,0.0,0.0,0.0,,0.0,,,0.0,,0.03420625515291473,0.19835335128,0.23255960643291473,0.06666664034128189,0.0,0.06666664034128189,0.13183739058894542,0.2000279200799999,0.3318653106689453,0.013066666666666666,0.013066666666666666,0.0,3.704798920667315,44.20986865333333,40.505069732666016,0.07921324612113935,0.0867194092133333,0.16593265533447266,14.717870933333359,174.71787093333336,160.0,105.5703258503255,133.61746406666668,239.1877899169922
BEA,C1CC[N+]2(CC1)CCCC1CCCCC12,,,,0.0,0.0,0.0,,,1.7299997806549072,,,6.407407283782959,0.5855969829314522,0.0008702235466666667,0.5864672064781189,0.1310541331768036,0.0,0.1310541331768036,0.28229727521219583,0.0023039065333333333,0.2846011817455292,0.4905664599999999,0.4905664599999999,0.0,21.532998564171876,5.347342012,26.880340576171875,0.07318326621962179,0.49618899613333334,0.42300572991371155,18.000017580403664,150.33331066666665,168.3333282470703,3.3116457599999762,267.31164576,264.0
MEL,CC1CC(C)C[N+](C)(C(C)C)C1,,79.37570996296297,,0.0,0.0,0.0,,,,,6.27964265,,0.09731185574666666,0.09731185574666666,0.0,0.017420836,0.017420836,0.0,0.12681411573333337,0.12681411573333337,0.0,0.46613333333333334,0.03386666666666667,0.5,20.058802135441887,28.225469119999993,8.166666984558105,0.37339054419999995,0.12660945580000002,0.5,13.242903066666685,163.24290306666668,150.0,747.9578673333333,927.9578673333333,180.0
MEL,CC1CC(C)C[N+]2(CCCC2C)C1,,84.03743486206898,,0.0,0.0,0.0,,0.0,,,15.291944874999999,,0.06844783373333332,0.06844783373333332,0.0,0.005242165333333334,0.005242165333333334,0.0,0.1341147804666667,0.1341147804666667,0.0,0.46720708466666666,0.03279291533333333,0.5,38.156380364775224,46.32304734933333,8.166666984558105,0.3648883517466667,0.13511164825333333,0.5,12.354390280000018,162.35439028000002,150.0,464.1912654666668,644.1912654666668,180.0
BEC,C[N+]12CCN(CC1)CC2,,24.706236333333333,,0.0,0.0,0.0,0.29963157687499997,1.700368423125,2.0,,12.23934757142857,,0.006232277933333334,0.006232277933333334,0.0,0.0,0.0,0.0,0.3949541807975342,0.1055462598,0.5005004405975342,0.31714893173333336,0.31714893173333336,0.0,15.795033955417257,19.298537039599996,3.5035030841827393,0.04330848166884571,0.45719201853333324,0.500500500202179,2.8680889333333255,152.86808893333333,150.0,92.0659244586667,252.0659244586667,160.0
MFI,CCCC[N+]1(C)CCCC1,6.4113575290201865,41.26578486666667,34.854427337646484,,0.0,,,0.0,,,3.8814008529833335,,0.026450606405748624,0.006336280733333333,0.032786887139081955,0.003599405626666667,0.003599405626666667,0.0,0.2775536304886495,0.04204736886666667,0.31960099935531616,0.0,0.0,0.0,41.489522020542815,52.65488819333334,11.165366172790527,0.04618537258033967,0.36578634213333344,0.3196009695529938,16.59834651373697,158.26501826666666,141.6666717529297,495.75371640000003,775.7537164,280.0
BEA,C[N+]1(CCCCCC[N+]2(C)CCCCC2)CCCCC1,,32.287685489795926,,0.0,0.0,0.0,8.536510228312988,0.47250485500000006,9.009015083312988,,0.0,,0.03959969792,0.03959969792,0.0,0.0021442582666666666,0.0021442582666666666,0.0,0.2213780107866667,0.2213780107866667,0.0,0.0778529996,0.0778529996,0.0,24.352404701333338,27.852404701333338,3.5,0.4495229816,0.4495229816,0.0,0.72091984707032,157.3875916,156.6666717529297,483.1667761430989,831.8690161333333,348.7022399902344
BEA,Cc1c(C)[n+](CCCCCC[n+]2c(C)c(C)n(C)c2C)c(C)n1C,22.1563551935484,42.1563551935484,20.0,0.0,0.0,0.0,,0.25,,,0.0,,0.01031183268,0.01031183268,0.0,0.0,0.0,0.0,0.00913980048,0.00913980048,0.0,0.08368665095685465,0.13448032480000002,0.05079367384314537,14.720204224744137,23.831314911999996,9.11111068725586,0.2940127430508067,0.09053195733333333,0.38454470038414,15.676790933333336,154.32320906666666,170.0,577.8435338841928,1019.1019872533334,441.2584533691406
RTH,CN1CCCCC1,120.82963795,54.170362049999994,175.0,0.0,0.0,0.0,,,,1.5149174186862746,2.4850825813137254,4.0,0.0586327439386707,0.10087184847999996,0.15950459241867065,0.008299631733333333,0.008299631733333333,0.0,0.047970985666666674,0.047970985666666674,0.0,0.006666666666666667,0.006666666666666667,0.0,23.41669175442057,56.33560469333334,79.7522964477539,0.13414147395666165,0.33352221447999997,0.19938074052333832,2.816108000000014,167.183892,170.0,5.851142933333335,173.85114293333334,168.0
ASV,CC[P+](CC)(c1ccccc1)c1ccccc1,14.85635562520086,0.29515938181818185,15.151515007019043,0.0,0.0,0.0,0.2042580902857143,1.2042580902857143,1.0,15.151517868041992,0.0,15.151517868041992,0.0,0.0,0.0,0.0,0.0,0.0,0.24467571079730988,0.0,0.24467571079730988,0.4932473677333331,0.4932473677333331,0.0,0.8752862880748857,4.018227868266667,4.893514156341553,0.28947807666935677,0.5341537874666666,0.24467571079730988,24.593633600000004,150.4063664,175.0,153.18984414666664,182.81015585333336,336.0
RWY,NCCN(CCN)CCN,1.7471701675,1.7471701675,0.0,0.0,0.0,0.0,0.6267635942373334,0.6267635942373334,0.0,0.0,0.0,0.0,0.0,0.0,0.0,0.0,0.0,0.0,0.0,0.0,0.0,0.2805022422666666,0.2805022422666666,0.0,199.38728994014667,0.6127100598533335,200.0,0.2478080288,0.2478080288,0.0,23.856642533333343,166.14335746666666,190.0,142.30401658666668,25.69598341333333,168.0
MFI,CCCCC[N+]12CCC(CC1)CC2,,34.3936633076923,,0.0,0.0,0.0,,0.0,,3.893340282304248,4.6625709460806455,0.7692306637763977,0.0016818410266666668,0.0016818410266666668,0.0,0.004258092533333334,0.004258092533333334,0.0,0.03278078056,0.03278078056,0.0,0.0033333333333333335,0.0033333333333333335,0.0,36.81137360391275,54.492970573333345,91.3043441772461,0.07502862891135659,0.35975399533333335,0.43478262424468994,22.654784533333356,157.34521546666664,180.0,515.516410434974,678.1124492533334,162.59603881835938
NON,C[N+](C)(C)C1CCCC1,39.20164,39.20164,0.0,0.0,0.0,0.0,0.0,0.0,0.0,17.27632925,17.27632925,0.0,0.01730452323886452,0.05063785831066666,0.03333333507180214,0.0,0.0,0.0,0.2885723203164731,0.3719056561333333,0.0833333358168602,0.01,0.01,0.0,125.21231876707031,23.121009479999994,148.3333282470703,0.3929922351216085,0.4429922358666666,0.05000000074505806,22.61899044550782,146.2098212,168.8288116455078,145.2254536180339,319.6101734666667,174.3847198486328
MOR,C[N+](C)(C)CCCCCCC[N+](C)(C)C,4.916909485294113,34.91690948529411,30.0,,0.0,,,,,,,,0.2510048012238587,0.5877048511999999,0.8387096524238586,0.004314890666666666,0.004314890666666666,0.0,0.03398986346191607,0.1595585178666667,0.19354838132858276,0.0,0.0,0.0,0.011373856764315349,38.72105250666666,38.709678649902344,0.02238011105095805,0.07439407961333333,0.09677419066429138,0.0,160.0,160.0,2.532182933333331,170.53218293333333,168.0
MOR,C1CCC[N+]2(CC1)CCCCC2,14.920419469116208,31.587085499999997,16.66666603088379,,0.0,,,0.0,,,3.3333333333333335,,0.30657131389468284,0.004444739066666667,0.3110160529613495,0.0,0.0,0.0,0.23192312514825084,0.002526067733333333,0.23444919288158417,0.0,0.0,0.0,36.46851944179362,5.732335813333333,42.20085525512695,0.23297302394825084,0.0014761689333333333,0.23444919288158417,16.70693346666667,153.29306653333333,170.0,2270.936373866667,2606.936373866667,336.0
ANA,C[N+](C)(C)CCCC[N+](C)(C)C,2.4013349903432477,22.73466895945946,20.33333396911621,,0.0,,,0.0,,,0.0,,0.091261620612616,0.7783585144,0.687096893787384,0.026085029333333332,0.026085029333333332,0.0,0.16955412970680755,0.21281145466666657,0.3823655843734741,0.0,0.0,0.0,55.14435496306641,37.328766679999994,92.4731216430664,0.3249016481903017,0.07294782218666666,0.3978494703769684,20.26666666666668,160.26666666666668,140.0,52.79297199999999,171.207028,224.0
NON,CC1CC[N+](C)(C)CC1,,0.0,,0.0,0.0,0.0,,0.0,,,0.0,,0.0,0.0,0.0,0.0,0.0,0.0,0.4671647810666666,0.4671647810666666,0.0,0.4866666666666667,0.013333333333333334,0.5,33.54853137544188,41.71519835999999,8.166666984558105,0.0690626857333333,0.5690626857333333,0.5,2.442398133333313,147.5576018666667,150.0,755.2609837333332,935.2609837333332,180.0
LEV,C[N@@+]1(Cc2ccccc2)CCC[C@H]1CO,0.5672238047660638,15.537224071794872,14.970000267028809,,0.0,,,10.000296,,,3.883240733333333,,0.05934890324280942,0.0006511028666666667,0.06000000610947609,0.0,0.0,0.0,0.0,0.0,0.0,0.06049204900449723,0.4195079402666667,0.47999998927116394,0.16786253723715827,4.3321379396,4.500000476837158,0.03091361952883598,0.5109136087999999,0.47999998927116394,1.447339000000028,143.55266099999997,145.0,1784.1287265717283,2816.129092782666,1032.0003662109375
ANA,CCCC[N+](CCCC)(CCCC)CCCC,123.67761187545572,10.739395570833334,134.41700744628906,,0.0,,,0.0,,,0.0,,0.6053179361816104,0.7066476485733334,1.3119655847549438,0.0,0.0,0.0,0.3065180971741301,0.4901684715866667,0.18365037441253662,0.0,0.0,0.0,24.723669835114578,54.24289590933333,29.51922607421875,0.07371912974586997,0.10993124466666665,0.18365037441253662,1.7140210933333435,138.28597890666666,140.0,5.926615986666661,77.92661598666666,72.0
TON,CCC(N)CCCN,8.867395928982177,73.63250488888892,82.4999008178711,0.0,0.0,0.0,,0.0,,,12.685176,,0.36909847083311054,0.03632895526666667,0.4054274260997772,0.12829925013333332,0.12829925013333332,0.0,0.1141400227333333,0.1141400227333333,0.0,0.0,0.0,0.0,3.144695995104165,48.192181346666665,45.0474853515625,0.24442102001732988,0.2060538382666667,0.4504748582839966,9.520090666666675,159.52009066666668,150.0,198.88303234666674,238.88303234666674,40.0
MOR,C[N+](C)(C)CCCCCCCC[N+](C)(C)C,2.1105347352941166,32.11053473529412,30.0,,0.0,,,,,,,,0.0714088429932963,0.5963331113333333,0.6677419543266296,0.004908803333333334,0.004908803333333334,0.0,0.04070115500858271,0.15284722632000006,0.19354838132858276,0.0,0.0,0.0,0.061710756569034686,38.64796789333331,38.709678649902344,0.020373221544291387,0.07640096912,0.09677419066429138,0.0,160.0,160.0,1.7921141333333424,169.79211413333334,168.0
LEV,CC1CCCCC1N,0.16524021093333338,0.16524021093333338,0.0,0.5092684924990192,1.042601972857143,0.5333334803581238,0.0,0.0,0.0,0.0,0.0,0.0,0.0,0.0,0.0,0.0,0.0,0.0,0.0,0.0,0.0,0.0,0.0,0.0,4.855914025548017,13.15363493466667,8.297720909118652,0.035721431195287257,0.2961874206666665,0.33190885186195374,17.04314466666665,182.95685533333335,200.0,135.0662052,32.933794799999994,168.0
MFI,C1CCNCC1,68.1818351583054,84.8485011891892,16.66666603088379,,,,,,,,,,0.12189346602,0.12189346602,0.0,0.18525899498875276,0.0034201786,0.18867917358875275,0.10423167177339755,0.08444756141999997,0.18867923319339752,0.0,0.0,0.0,13.890277011640634,27.61915291999999,41.509429931640625,1.1803850512959853,1.3879322241999998,0.2075471729040146,10.524944199999993,159.4750558,170.0,93.3346808,62.665319200000006,156.0
MTT,CC(C)CNCCCCCCCNCC(C)C,44.965841978260855,107.46584197826085,62.5,0.0,0.0,0.0,,,,62.50000762939453,0.0,62.50000762939453,0.013833423800000001,0.013833423800000001,0.0,0.037891694799887396,0.10974607478,0.1476377695798874,0.03434718263301495,0.11308733981999997,0.07874015718698502,0.0,0.0,0.0,1.1325820147949273,42.471163100000005,41.33858108520508,0.08602131936209723,0.20925424959999994,0.29527556896209717,0.31175079999999866,159.6882492,160.0,45.2158134,225.2158134,180.0
MFI,CCCCO,,51.24771226666666,,,,0.0,,,,,,,0.18178425866000006,0.18178425866000006,0.0,0.0031302165999999997,0.0031302165999999997,0.0,0.13481378148,0.13481378148,0.0,0.0,0.0,0.0,23.066162247999998,23.066162247999998,0.0,2.6740071119338378,0.547747439,3.221754550933838,0.6958710619140618,159.3430726,158.64720153808594,187.32737277757815,88.20390773999999,275.5312805175781
MFI,CC(C)N(C(C)C)C(C)C,,65.90484568333333,,,0.0,,,,,,,,0.009726918306086102,0.08503616694000002,0.09476308524608612,0.009606914,0.009606914,0.0,0.03488803859756562,0.040922438539999995,0.07581047713756561,0.27958755519999995,0.27958755519999995,0.0,10.747893433226565,19.177292723999997,29.925186157226562,0.11837854176405649,0.6171316722000001,0.4987531304359436,5.749138000000016,165.74913800000002,160.0,66.20842388,131.20842388,65.0
MEL,NCCCCCCCN,1.9324714936995875,43.11257245161291,45.0450439453125,,0.0,,,0.0,,,12.277753624999999,,0.5869693160057068,0.0,0.5869693160057068,0.16229089698,0.16229089698,0.0,0.11821180316000003,0.11821180316000003,0.0,0.0,0.0,0.0,7.709907478906246,46.841194099999996,39.13128662109375,0.04047669460285336,0.25300796340000004,0.2934846580028534,28.22791219999999,158.2279122,130.0,1816.2977940984374,103.70550179999998,1920.0032958984375
MTT,C[N+](C)(C)CCCCCCCC[N+](C)(C)C,9.832720210526325,63.582720210526325,53.75,,0.0,,,0.0,,,69.93979,,0.13342024626764662,0.18233328926000006,0.04891304299235344,0.08607361171992492,0.012351568,0.09842517971992493,0.17700879791042481,0.2154937484,0.3925025463104248,0.0,0.0,0.0,4.45579016029297,44.69029486,40.23450469970703,0.10182898963637363,0.09442229841999997,0.1962512880563736,2.418800400000009,167.5811996,170.0,11.377588199999991,162.6224118,174.0
IWV,Cc1c(C)[n+](CCCCCC[n+]2c(C)c(C)n(C)c2C)c(C)n1C,16.616829836530414,39.23103042857143,22.614200592041016,,0.0,,,0.7,,,1.7463357777777777,,0.044514108104254914,0.0304624628,0.07497657090425491,0.0,0.0,0.0,0.13971593630734863,0.010237190600000001,0.14995312690734863,0.1088692274,0.1088692274,0.0,14.61892930157568,28.677035723999996,14.058106422424316,0.07840579329574507,0.15338236419999998,0.07497657090425491,5.777678499218723,156.37368679999997,150.59600830078125,959.734354846094,1523.7339276000002,563.9995727539062
MEL,CCCC[N+]1(C)CC[N+](CCC)(CCC)CC1,86.42901714285713,33.570982857142866,120.0,,0.0,,,,,,,,0.026847161909979433,0.10023564156000003,0.0733884796500206,0.0086394848,0.0086394848,0.0,0.06694025136909182,0.4140476618,0.3471074104309082,0.0333301268,0.0333301268,0.0,23.25558216447168,25.883681606,2.6280994415283203,0.0001619701845459176,0.17371567540000002,0.1735537052154541,25.42067399999999,165.420674,140.0,221.77543600000007,293.77543600000007,72.0
MEL,CCCCCCCCN,,41.68657228125,,,0.0,,,0.0,,,8.821583166666667,,0.12380933395130615,0.0208290852,0.14463841915130615,0.16236674839999998,0.16236674839999998,0.0,0.0165623299001163,0.13227305032000003,0.11571072041988373,0.0,0.0,0.0,13.719166922773447,43.64435308000001,29.925186157226562,0.7489164134672424,0.24858978780000004,0.9975062012672424,0.9070925999999986,159.0929074,160.0,55.02261948000002,120.02261948000002,65.0
MFI,C[N+]1(CCCCCC[N+]2(C)CCCCC2)CCCCC1,,70.46481583333333,,0.0,0.0,0.0,,0.0,,,0.0,,0.02038783432831489,0.039612156880000006,0.059999991208314896,0.0,0.0,0.0,0.10446368668348904,0.10553630676000003,0.20999999344348907,0.004939965399999999,0.004939965399999999,0.0,29.84463180000001,51.84463180000001,22.0,0.06458437318023223,0.010415629800000001,0.07500000298023224,9.241806999999994,155.758193,165.0,207.1935704453124,619.0157139999999,411.8221435546875
MOR,C[N+]1(CCCC[N+]2(C)CCCC2)CCCC1,24.220092179999995,43.279907820000005,67.5,,,,,,,,,,0.020879417048388804,0.48639473379999987,0.5072741508483887,0.0,0.0,0.0,0.17080344579984752,0.6258559641999999,0.7966594099998474,0.0,0.0,0.0,3.3264778474804686,35.25823132,38.58470916748047,0.04776433677805175,0.0969283226,0.14469265937805176,0.4000000000000057,160.4,160.0,89.59476199999995,246.40523800000005,336.0
MTW,CC1CC(C)C[N+](C)(C)C1,,76.08598505714286,,0.0,0.0,0.0,,,,,,,0.02550624,0.02550624,0.0,0.0,0.0,0.0,0.0181903932,0.0181903932,0.0,0.4702314454,0.0297685546,0.5,8.362920683999999,5.637079316,14.0,0.4421302414,0.057869758599999994,0.5,0.9123821999999961,159.0876178,160.0,351.51249285999995,531.51249286,180.0
MRE,C[N+](C)(C)CCCCCCCCCCCC[N+](C)(C)C,,89.2481056969697,,0.0,0.0,0.0,,0.0,,,15.4131425,,0.15858414333494192,0.20858414407999998,0.05000000074505806,0.09244927678663253,0.00755068,0.09999995678663254,0.06475844996046454,0.33524155599999994,0.4000000059604645,0.0,0.0,0.0,9.401411520000003,50.40141152,41.0,0.057452504720232306,0.14254749825999993,0.20000000298023224,4.871664200000026,174.87166420000003,170.0,52.62950418359374,127.12775900000001,179.75726318359375
MTW,CCCCCCCCCCCCCCCCCCCCCC[N+](C)(C)CCCCCC[N+](C)(C)Cc1ccc([N+](C)(C)CCCCCC[N+](C)(C)Cc2ccc([N+](C)(C)CCCCCC[N+](C)(C)CCCCCCCCCCCCCCCCCCCCCC)cc2)cc1,15.874404659574466,34.125595340425534,50.0,,0.0,,,0.0,,,0.0,,0.18490091870400574,0.07000093748,0.25490185618400574,0.0,0.0,0.0,0.10341813665607148,0.09264065819999999,0.19605879485607147,0.0,0.0,0.0,7.80235872163086,51.9200078,44.11764907836914,0.027676362280783844,0.060352839265999984,0.03267647698521614,22.682802600000002,127.3171974,150.0,24.717451399999987,119.28254860000001,144.0
MOR,CCC[N+](C)(C)CCC,2.6343221755102046,12.634322175510205,10.0,,0.0,,,0.0,,,0.0,,0.015012865799999999,0.015012865799999999,0.0,0.11954678975999998,0.11954678975999998,0.0,0.031833865781607074,0.3772570406,0.40909090638160706,0.0,0.0,0.0,6.877178842194336,20.513540918,13.636362075805664,0.08513179878857413,0.3239591970000001,0.4090909957885742,5.582152600000001,169.4178474,175.0,21.991200200000037,273.99120020000004,252.0
MOR,CC(C)CN(CCCCCN(CC(C)C)CC(C)C)CC(C)C,4.021482687500001,25.9785173125,30.0,,,,,,,,,,0.0007357881929257459,0.9055742905999997,0.904838502407074,0.0,0.0,0.0,0.08759392396970223,0.9924327244000001,0.9048388004302979,0.0,0.0,0.0,0.7332647499023608,37.97641389999998,38.709678649902344,0.01456106658429139,0.08221312407999999,0.09677419066429138,0.0,160.0,160.0,0.7103919999999846,168.71039199999998,168.0
FAU,C1CCC2(C1)CCC[NH2+]2,0.1562612297999999,0.8437387702000001,1.0,,,,,,,,,,0.5219671023976776,0.7094671322,0.1875000298023224,0.0,0.0,0.0,1.1331122987999986,2.1331122987999986,1.0,0.0,0.0,0.0,39.26128768000002,51.26128768000002,12.0,2.158435253000001,2.970935253000001,0.8125,2.5387552000000113,97.46124479999999,100.0,478.326044872,718.326044872,240.0
IRR,Cc1ccc(Cn2cc[n+](C)c2)cc1,,12.384479169230769,,0.0,0.0,0.0,0.4416428649372497,1.1083099091,0.6666670441627502,,4.690171729999999,,0.0,0.0,0.0,0.0,0.0,0.0,0.0,0.0,0.0,0.00553147,0.00553147,0.0,2.4040333370650826,3.304033015200001,0.8999996781349182,0.1443947706197678,0.34439477360000004,0.20000000298023224,10.946837999999985,160.94683799999999,150.0,89.77337902,270.22662098,360.0
CON,CC[N+]1(CC)CCCC(C)(C)C1,,33.333333333333336,,0.0,0.0,0.0,,0.0,,,19.33831472727273,,0.041844294580000004,0.041844294580000004,0.0,0.0,0.0,0.0,0.16894599119999995,0.16894599119999995,0.0,0.410415461,0.089584539,0.5,31.518777309999997,36.76877731,5.25,0.25585021414,0.24414978586,0.5,20.035079200000013,149.9649208,170.0,751.9767990999998,931.9767990999998,180.0
PHI,C[N+](C)(C)CCO,2.8104291839999984,7.810429183999998,5.0,,,,,,,,,,0.08517486143953552,0.014825132600000002,0.09999999403953552,0.27640751259999996,0.27640751259999996,0.0,0.28293562120000004,0.7829356212,0.5,0.0,0.0,0.0,0.580574009116205,17.247240039999994,16.66666603088379,0.009707430934881578,0.3430407444,0.3333333134651184,0.0,150.0,150.0,1212.7592945999997,1380.7592945999997,168.0
AST,C[N+](C)(C)C,5.0221555872222226,5.0221555872222226,0.0,0.6427645776744185,0.6427645776744185,0.0,0.2121379918918919,0.2121379918918919,0.0,0.0,0.0,0.0,0.0,0.0,0.0,0.0,0.0,0.0,0.0,0.0,0.0,0.1270761606711639,0.39707617139999996,0.27000001072883606,141.8373356369,1.1626643631,143.0,0.8609030280000001,0.8609030280000001,0.0,4.660210599999999,175.3397894,180.0,158.49459550199998,81.505404498,240.0
STF,CC[N+]1(CC)C[C@H](C)CC[C@@H]1C,,49.195454545454545,,0.0,0.0,0.0,,0.0,,,19.72784488,,0.0,0.0,0.0,0.0,0.0,0.0,0.0216431804,0.0216431804,0.0,0.05764324300000001,0.307643243,0.25,9.110421794,10.110421794,1.0,0.16326185340000005,0.33673814659999995,0.5,15.599999999999994,154.4,170.0,35.954656399999976,275.9546564,240.0
IFU,c1ccc2c(c1)C[N+](C1CCCCC1)(C1CCCCC1)C2,,84.73325233333334,,0.0,0.0,0.0,0.8593799053472853,1.01890931737,1.8782892227172852,,1.2658262993636364,,0.0,0.0,0.0,0.0,0.0,0.0,0.0,0.0,0.0,0.2203887158655793,0.46038869560000006,0.23999997973442078,1.3105566820937158,2.61055663441,1.2999999523162842,0.017703946726513764,0.2522960341999999,0.26999998092651367,29.30000000000001,170.7,200.0,301.2091219999999,349.2091219999999,48.0
SAV,CN1CCN(C)CCN(C)CCN(C)CCN(C)CCN(C)CC1,0.714123483,0.714123483,0.0,0.02671861424651034,0.7732813976744186,0.800000011920929,0.0,0.0,0.0,0.0,0.0,0.0,0.0,0.0,0.0,0.0092723346,0.0092723346,0.0,0.0,0.0,0.0,0.0,0.0,0.0,14.59496114000001,185.40503886,200.0,0.007806947579068052,0.21441529119999994,0.222222238779068,0.6181803999999715,190.61818039999997,190.0,30.639753240000005,78.63975324,48.0
MRE,CCCCCCCCC[N+](C)(C)C,,88.772334,,0.0,0.0,0.0,,5.0005505,,62.50000762939453,0.0,62.50000762939453,0.08395796743999999,0.08395796743999999,0.0,0.1492125391960144,0.0,0.1492125391960144,0.10844599258170773,0.18840439070000004,0.29685038328170776,0.0318385554,0.0318385554,0.0,1.9496641752539148,39.71962445999999,41.669288635253906,0.15048990310170773,0.14636048018000003,0.29685038328170776,11.572093199999983,171.57209319999998,160.0,44.61107172,123.38892828,168.0
AWW,C1N2CN3CN1CN(C2)C3,1.094496631707317,1.094496631707317,0.0,0.3158029448695299,0.04878048780487805,0.36458343267440796,0.0,0.0,0.0,0.0,0.0,0.0,0.0064843976000000005,0.0064843976000000005,0.0,0.0,0.0,0.0,0.036072198,0.036072198,0.0,0.0148039216,0.0148039216,0.0,93.24548086,93.24548086,0.0,1.046334201888318,1.9160819598,0.8697477579116821,39.94271922363282,157.557235,197.4999542236328,33.88111694,153.88111694,120.0
SFH,C[N+](C)(C)CC1(c2ccc(F)cc2)CCCC1,87.28321595238096,87.28321595238096,0.0,0.0,0.0,0.0,,,0.0,,,11.363633155822754,0.02690778457250771,0.020984938659999997,0.047892723232507706,0.0,0.0,0.0,0.045838438121652225,0.0978397204,0.14367815852165222,0.0501189704,0.0501189704,0.0,95.92021491570313,23.71580193,119.63601684570312,0.04006593126556518,0.13585137028,0.09578543901443481,1.1749639999999886,161.174964,160.0,318.12770479999995,618.1277048,300.0
BEA,C(CCC[N+]12CCN(CC1)CC2)CC[N+]12CCN(CC1)CC2,,23.13077856433334,,0.0,0.0,0.0,,0.3235294,,,0.0,,0.0412352388,0.0412352388,0.0,0.0,0.0,0.0,0.0858319208,0.0858319208,0.0,0.0288935708249054,0.374107529,0.4030010998249054,4.36827970897461,12.89907576,8.53079605102539,0.3143842560791156,0.53746194072,0.2230776846408844,0.3233189999999979,159.676681,160.0,502.3981718000001,916.3981718000001,414.0
BEA,C(CC[N+]12CCC(CC1)CC2)CC[N+]12CCC(CC1)CC2,,32.666523749999996,,0.0,0.0,0.0,,3.748126,,,0.0,,0.0124211834,0.0124211834,0.0,0.0,0.0,0.0,0.05267908400000001,0.05267908400000001,0.0,0.3100992984,0.3100992984,0.0,8.376924322000002,13.626924322000002,5.25,0.27574199935999993,0.27574199935999993,0.0,8.900000000000006,158.9,150.0,1108.0313825412502,1453.4058942600002,345.37451171875
BEA,C1CC[N+]2(CC1)CCCC2,,46.306131586956525,,0.0,0.0,0.0,,,,,,,0.19945908509999996,0.19945908509999996,0.0,0.0,0.0,0.0,0.18649064910000004,0.18649064910000004,0.0,0.5,0.0,0.5,39.149020419999985,44.399020419999985,5.25,0.34892551472000005,0.15107448527999995,0.5,17.69999999999999,167.7,150.0,155.8589892,335.8589892,180.0
BEA,CC(C)Cn1cc[n+](CC(C)C)c1,38.58532231233724,32.843243666666666,71.4285659790039,0.0,0.0,0.0,,2.0,,,14.2973955,,0.03478528978455979,0.014524373689999998,0.049309663474559784,0.0,0.0,0.0,0.011581460694956608,0.23634754612000006,0.24792900681495667,0.04,0.04,0.0,5.5429913594492195,10.999908726,16.54290008544922,0.1384402082561838,0.3370595441460001,0.19861933588981628,15.274157399999979,147.22584260000002,162.5,75.28582244625,240.47088104,165.18505859375
BEA,C[N+]1(CC2CCCCC2)CCC(CCCC2CC[N+](C)(CC3CCCCC3)CC2)CC1,,101.28268816666667,,0.0,0.0,0.0,,,,,,,0.0,0.0,0.0,0.0,0.0,0.0,0.008127155479071058,0.3081271674,0.30000001192092896,0.0,0.0,0.0,19.415092344697264,21.58491147,41.000003814697266,0.024690915639535543,0.17469092160000002,0.15000000596046448,36.657295899999994,105.8427041,142.5,82.61468902,73.38531098,156.0
BEA,c1ccc(C[N+]23CCN(CC2)CC3)cc1,33.62789773644489,51.14103173913044,17.513134002685547,,0.0,,,,,,18.234205000000003,,0.07685015070489411,0.01774827671,0.0945984274148941,0.0038993806,0.0038993806,0.0,0.19690916143912973,0.27258788995999994,0.07567872852087021,0.07927737259999999,0.07927737259999999,0.0,4.668026549519531,21.819529908,26.48755645751953,0.40106778860000003,0.40106778860000003,0.0,2.687880199999995,147.3121198,150.0,44.61835927999999,267.38164072,312.0
SFW,CC[N+]1(C2CC(C)CC(C)(C)C2)CCCC1,6.2224225637468615,4.194250142857142,10.416672706604004,,0.0,,,0.0,,,0.648281087804878,,0.4818818784915161,0.0108188175,0.4927006959915161,0.0,0.0,0.0,0.11652158260520172,0.0139528805,0.13047446310520172,0.0,0.0,0.0,136.21138599276367,152.63474491,16.423358917236328,0.06817978300189408,0.02214867942,0.09032846242189407,54.24394512000001,80.75605488,135.0,27.096756318789062,122.90325894,150.00001525878906
CHA,C1CCCNCC1,0.6702273620558284,0.8368941677999996,0.16666680574417114,0.3258701187840489,1.0074632542857143,1.3333333730697632,,0.0,,,0.0,,0.0116210532,0.0116210532,0.0,0.0,0.0,0.0,0.01,0.01,0.0,0.0045454546,0.0045454546,0.0,29.710284693847655,13.788532750000002,43.498817443847656,5.733232289477637,0.36435052760000003,6.097582817077637,5.182136600000035,194.81786339999996,200.0,64.37798015759999,112.37798015759999,48.0
BEC,c1ccc(C[N+]23CCC(CC2)CC3)cc1,,46.080475,,0.0,0.0,0.0,2.5460267579405667,2.9545235121399998,5.500550270080566,,,,0.0,0.0,0.0,0.0,0.0,0.0,0.043348358999999996,0.043348358999999996,0.0,0.07587611999999999,0.42412388,0.5,2.3253539999999973,5.674646000000003,8.0,0.0010907988000000146,0.4989092012,0.5,0.9000000000000057,150.9,150.0,37.3920755,30.107924500000003,67.5
BPH,CC[N+](C)(C)C,1.1006765818930053,2.400676415,1.2999998331069946,,,0.4166666567325592,,,,,,,0.0,0.0,0.0,0.0,0.0,0.0,0.5065342029325776,0.9732010504,0.4666668474674225,0.0,0.0,0.0,1.6005449905859344,24.082789360000003,25.683334350585938,0.20142549486976313,1.1180921218,0.9166666269302368,25.524883059999993,124.47511694,150.0,31.593420900000012,178.4065791,210.0
IFR,C1CC[N+]23CCCCC2(C1)CCCC3,16.386627833333336,66.38662783333334,50.0,,0.0,,,0.0,,,0.0,,0.07352941483259201,0.0,0.07352941483259201,0.0,0.0,0.0,0.1665666195258545,0.0050020125999999995,0.1715686321258545,0.03,0.03,0.0,25.3385897280957,13.877097070000001,39.2156867980957,0.06610373349326248,0.031935483800000004,0.09803921729326248,17.900000000000006,157.1,175.0,579.0292309999999,819.0292309999999,240.0
FER,C[N@@+]1(Cc2ccccc2)CCC[C@H]1CO,5.786372204857649,21.38637163265306,15.59999942779541,,0.0,,,0.0,,,0.0,,0.0,0.0,0.0,0.0,0.0,0.0,0.0,0.0,0.0,0.0773117772711639,0.40268821200000005,0.47999998927116394,1.312557931642841,5.812558408479999,4.500000476837158,0.002474553071163954,0.4775254362,0.47999998927116394,12.127942600000011,147.1279426,135.0,1103.486465894531,1907.4866489999997,804.0001831054688
FER,C[N+](C)(C)CCC[N+](C)(C)C,0.5239124400000001,29.47608756,30.0,,,,,,,,,,0.11589615189102165,0.6047388450000001,0.7206349968910217,0.05578656039999999,0.05578656039999999,0.0,0.023255749944544657,0.17340757012000002,0.19666332006454468,0.0,0.0,0.0,1.2960132697460978,38.036651219999996,39.332664489746094,0.03874239717227233,0.059589262860000006,0.09833166003227234,0.0,160.0,160.0,5.292334600000004,173.2923346,168.0
FER,CCCCCCCCCCCCCCCC[N+](C)(C)C,14.128710559183673,24.128710559183673,10.0,0.0,0.0,0.0,,,,,,,0.02032908732386296,0.32894152338000004,0.3086124360561371,0.0,0.0,0.0,0.17929090401938608,0.08673782804200002,0.2660287320613861,0.0,0.0,0.0,15.666428220898439,42.7017218,27.035293579101562,0.18500624577906372,0.08102245647999999,0.2660287022590637,9.441599600000018,179.44159960000002,170.0,58.44910252,61.55089748,120.0
MTW,c1c[n+]2cn1CCCCCCn1cc[n+](c1)CCCCCC2,18.29813303703704,61.70186696296296,80.0,,0.0,,,0.0,,,2.1445215208333335,,0.4282077274784619,0.16438475032000002,0.5925924777984619,0.0,0.0,0.0,0.045589625275999995,0.045589625275999995,0.0,0.0,0.0,0.0,15.25554859556641,44.00370586,59.259254455566406,0.05228326452537474,0.15104869735999998,0.09876543283462524,7.765705700000012,162.2342943,170.0,142.6406395272,142.6406395272,0.0
FAU,C[N+]1(C)CCCCC1,20.083043916697267,4.541959897999999,24.625003814697266,,0.0,,,0.0,,,0.0,,0.08950918972932567,0.2316144412800001,0.14210525155067444,0.04844960942864418,0.0,0.04844960942864418,0.33890044420131105,0.18863940507999996,0.527539849281311,0.0,0.0,0.0,6.346159457889888,13.559541701999995,7.213382244110107,0.19042071291902463,0.19501373580000003,0.38543444871902466,42.756298599999994,117.2437014,160.0,268.3654944599999,268.3654944599999,0.0
FAU,C[N+](C)(CCO)CCO,0.22303220744500996,2.43754604344,2.6605782508850098,,0.6138991404761904,,,0.0,,,0.0,,0.7033401200479553,0.1508998802,0.8542400002479553,0.0,0.0,0.0,0.05228599656645356,0.05637122939999999,0.10865722596645355,0.0,0.0,0.0,28.80428146319727,68.998613586,40.194332122802734,0.09006165065238528,0.19871889152000002,0.10865724086761475,117.12277979999999,167.1227798,50.0,41.375989312378906,61.471104974,20.095115661621094
AFI,C1COCCOCCOCCOCCOCCO1,3.074293155,3.074293155,0.0,0.8780501348571428,0.8780501348571428,0.0,0.0,0.0,0.0,0.0,0.0,0.0,0.0260270614,0.0260270614,0.0,0.1880734092209015,0.061926859,0.2500002682209015,0.0692169292,0.0692169292,0.0,0.25,0.0,0.25,49.88171658,74.88171658,25.0,0.182196864912,0.06780313508800001,0.25,31.8295478,181.8295478,150.0,34.077015495999994,58.077015495999994,24.0
ERI,CC[N+](C)(C)CCCC[N+](C)(C)CC,3.02920754877551,4.02920754877551,1.0,,0.8572954999999999,,,,,,,,0.0,0.0,0.0,0.05282088620696718,0.3221792032,0.37500008940696716,0.10759292686325694,0.6524070635999999,0.7599999904632568,0.0,0.0,0.0,88.72379254000002,111.27620745999998,200.0,0.37686395128000005,0.62313604872,1.0,39.06631379999999,139.0663138,100.0,487.69973124924013,823.6997312492401,336.0
AFI,C[N+](C)(Cc1ccccc1F)Cc1ccccc1F,0.01915468240000004,0.14415468240000004,0.125,0.024997629400000054,1.0249976294,1.0,0.0,0.0,0.0,0.0,0.0,0.0,0.0,0.0,0.0,0.0,0.0,0.0,0.0,0.0,0.0,0.0,0.0,0.0,0.8297963863720721,8.614648269999998,9.44444465637207,0.012920386488372848,0.22319071799999995,0.2361111044883728,45.380780029296886,148.7,194.08078002929688,38.93924014492188,116.28826839999999,155.22750854492188
NON,C1CCC2NCCC2C1,0.732439756097561,0.732439756097561,0.0,0.0,0.0,0.0,0.0,0.0,0.0,1.4614606464468085,1.4614606464468085,0.0,0.004613915119999999,0.004613915119999999,0.0,0.0,0.0,0.0,0.0113020133,0.0113020133,0.0,0.0,0.0,0.0,26.463476060000005,173.53652394,200.0,0.17479139015999998,0.17479139015999998,0.0,4.74844168320314,162.46472359999999,167.21316528320312,2.377407180859393,415.6397668,413.2623596191406
NON,CC1CCC[N+](C)(C)C1,,74.09151127272729,,0.0,0.0,0.0,,,,,,,0.17558042556,0.17558042556,0.0,0.0,0.0,0.0,0.18682813920000005,0.18682813920000005,0.0,0.4822518664,0.0177481336,0.5,39.15278845999999,44.40278845999999,5.25,0.3782050409,0.12179495909999999,0.5,18.772500999999977,168.77250099999998,150.0,32.1391342,212.1391342,180.0
BPH,CC[N+](CC)(CC)Cc1cc(C[N+](CC)(CC)CC)cc(C[N+](CC)(CC)CC)c1,0.0,0.0,0.0,0.8500000238418579,0.0,0.8500000238418579,2.1813154012,2.1813154012,0.0,8.16806583125,8.16806583125,0.0,0.0,0.0,0.0,0.0,0.0,0.0,0.0,0.0,0.0,0.42822660780000005,0.42822660780000005,0.0,14.748806774222658,6.8728134039999995,21.621620178222656,0.08447480203175936,0.13174141941999998,0.21621622145175934,1.9892994000000215,176.98929940000002,175.0,220.2558072,268.2558072,48.0
AFI,C[N+](CCO)(CCO)CCO,0.077281211,0.077281211,0.0,0.33361124753784843,0.9997221255319148,1.3333333730697632,0.0,0.0,0.0,0.0,0.0,0.0,0.0,0.0,0.0,0.0,0.0,0.0,0.0,0.0,0.0,0.0,0.0,0.0,6.980710457143552,11.842819740000003,18.823530197143555,0.16279429684719549,0.30779394019999995,0.47058823704719543,5.609957600000001,144.3900424,150.0,202.77953659999997,85.22046340000001,288.0
TUN,BrCCCCBr,8.317766260000006,38.317766260000006,30.0,,0.0,,,0.0,,,0.0,,0.23759017219458906,0.2611385834,0.023548411205410957,0.089388611,0.089388611,0.0,0.09091934250187897,0.11446769224,0.023548349738121033,0.0,0.0,0.0,3.0445295300976554,41.75420818,38.709678649902344,0.06584115360356299,0.21100243960000006,0.14516128599643707,7.554596599999996,167.5545966,160.0,50.69860030000001,141.3013997,192.0
NON,NCCCCCCN,,0.474499303030303,,0.0,0.0,0.0,,0.0,,,0.0,,0.0,0.0,0.0,0.09699997305870056,0.0,0.09699997305870056,0.12699992954730988,0.0,0.12699992954730988,0.0,0.0,0.0,79.97644974000002,139.97644974000002,60.0,0.567069313945262,0.5970693170000001,0.030000003054738045,5.215393800000015,180.21539380000002,175.0,202.71064081059998,250.71064081059998,48.0
AFI,ClCCN1CCC(C2CCN(CCCl)CC2)CC1,0.023403136200000008,0.1484031362,0.125,0.017747140000000217,1.0177471400000002,1.0,0.0,0.0,0.0,0.0,0.0,0.0,0.0,0.0,0.0,0.0,0.0,0.0,0.0,0.0,0.0,0.0,0.0,0.0,1.5011722103720704,7.943272446,9.44444465637207,0.012462600088372827,0.22364850439999998,0.2361111044883728,2.522311401367176,149.3,151.8223114013672,40.99066642988282,125.38672919999999,166.3773956298828
STO,CCC1CCCC[N+]12CCCCC2,,111.80884716666667,,0.0,0.0,0.0,,,,,,,0.09254106649011612,0.007458935,0.10000000149011612,0.0355780532,0.0355780532,0.0,0.34321762847907106,0.1067823596,0.44999998807907104,0.0499856256,0.0499856256,0.0,18.737117268000002,26.262882731999998,45.0,0.17230605543721314,0.1776939088,0.34999996423721313,1.5999999999999943,168.4,170.0,316.7786004,412.7786004,96.0
SSY,CC[N+]1(C2CC(C)CC(C)(C)C2)CCCC1,,0.0,,0.0,0.0,0.0,,0.0,,4.425995834472655,28.235528,23.809532165527344,0.06371191770009263,0.013063476679999998,0.07677539438009262,0.0,0.0,0.0,0.10348326951083983,0.1652306816,0.26871395111083984,0.0675936752,0.0675936752,0.0,7.452523149933583,47.75962916799999,40.307106018066406,0.049427712216349784,0.2413663062,0.1919385939836502,5.790955200000013,154.2090448,160.0,13.292791999999963,274.70720800000004,288.0
VFI,C1=Cc2nc1c(-c1ccncc1)c1ccc([nH]1)c(-c1ccncc1)c1nc(c(-c3ccncc3)c3ccc([nH]3)c2-c2ccncc2)C=C1,1.6011633792,1.6011633792,0.0,0.7140677964847479,0.4336319172222222,1.1476997137069702,0.0,0.0,0.0,0.0,0.0,0.0,0.2759841224,0.2759841224,0.0,0.129184496,0.129184496,0.0,0.032935898400000004,0.032935898400000004,0.0,0.0,0.0,0.0,46.876774706896974,55.5461692,8.669394493103027,0.01504741158351789,0.01660594848,0.00155853689648211,8.199999999999989,150.2,142.0,17.968685240000006,41.968685240000006,24.0
MRE,C[N+](C)(C)CCC[N+](C)(C)CCC[N+](C)(C)C,,62.88835866666667,,0.0,0.0,0.0,,1.75,,,13.161543675,,0.2285474616,0.2285474616,0.0,0.15770725277326508,0.042292660800000006,0.19999991357326508,0.2862620330418579,0.31373799080000003,0.6000000238418579,0.019360772,0.019360772,0.0,9.325406694697264,51.32540288,41.999996185302734,0.10303980478023224,0.0969601982,0.20000000298023224,12.196226000000024,172.19622600000002,160.0,760.7753222085937,163.8823316,924.6576538085938
MTN,CCCCCCCCCC[N+](C)(C)C,,52.47711942857143,,0.0,0.0,0.0,,0.0,,,0.0,,0.1195717014260437,0.040428324800000005,0.1600000262260437,0.008235966,0.008235966,0.0,0.025597820301072688,0.1374021524,0.1629999727010727,0.036000000000000004,0.036000000000000004,0.0,12.761071852,27.238928148,40.0,0.3299455585682478,0.3314455761599999,0.001500017591752112,12.684171200000009,157.3158288,170.0,102.45966528,142.45966528,40.0
STF,CCCNCCC,,13.501261317916665,,0.15848373809523808,0.15848373809523808,0.0,,0.0,,,0.0,,0.01281432756,0.01281432756,0.0,0.0,0.0,0.0,0.0,0.0,0.0,1.2,0.05,1.25,109.77383076000001,139.77383076,30.0,4.8384170436,0.16158295639999998,5.0,14.427921600000019,155.57207839999998,170.0,534.34983922,185.65016078,720.0
UOS,CC[NH+]1C=CN(C)C1,,,,0.0,0.0,0.0,1.1811588600000005,2.1811588600000005,1.0,,0.0,,0.0,0.0,0.0,0.0,0.0,0.0,0.0,0.0,0.0,0.6856351192000001,0.9356351192000001,0.25,7.104871767999999,12.104871767999999,5.0,1.2307840387999998,1.4807840387999998,0.25,0.8462427999999989,170.8462428,170.0,197.6929616,365.6929616,168.0
VET,CC1CCOC2(CC[N+](C)(C)CC2)O1,,71.12483,,0.0,0.0,0.0,,2.4060606,,,40.7620735,,0.056326439760000006,0.056326439760000006,0.0,0.032598366399999995,0.032598366399999995,0.0,0.08345613056092893,0.21654388136000002,0.30000001192092896,0.04,0.04,0.0,7.0250320799999955,37.025032079999995,30.0,0.06888029672092891,0.23111971520000005,0.30000001192092896,16.83392200000003,166.83392200000003,150.0,101.77934960000002,245.77934960000002,144.0
STO,C[N+](C)(C)C12CCCC1CCC2,,116.159914875,,0.0,0.0,0.0,,0.0,,,7.336511000000001,,0.13126329516046448,0.018736710799999997,0.15000000596046448,0.0,0.0,0.0,0.049387746360464474,0.1006122596,0.15000000596046448,0.07451986,0.07451986,0.0,19.404797854697264,25.59520596,45.000003814697266,0.02036039956046448,0.1296396064,0.15000000596046448,28.673261553320316,159.0609456,187.7342071533203,267.85472768945317,568.560996,300.7062683105469
STW,CC(C)NC(C)C,,2.323585285714286,,0.02837576695652174,0.02837576695652174,0.0,0.8000011444091797,0.0,0.8000011444091797,,0.521198909,,0.0,0.0,0.0,0.0,0.0,0.0,0.0,0.0,0.0,1.017557352,0.232442648,1.25,50.558164471255864,65.947053784,15.38888931274414,2.7643245062776374,3.3332583107999993,6.097582817077637,24.599999999999994,164.6,140.0,5.027833240000007,114.97216676,120.0
TON,CCn1cc[n+](C)c1,,87.8645214375,,0.0,0.0,0.0,1.5,0.0,1.5,,0.0,,0.037828136400000004,0.037828136400000004,0.0,0.0,0.0,0.0,0.01662325024,0.01662325024,0.0,0.0,0.0,0.0,26.585475159999994,46.585475159999994,20.0,0.3880412096,0.1119587904,0.5,13.800000000000011,156.2,170.0,195.00125291999998,140.99874708000002,336.0
RTH,CCCNCCC,,83.08651804761905,,0.0968014675,0.0968014675,0.0,,0.0,,2.4742531750000003,1.525746825,4.0,0.09941098990604369,0.06058903632000002,0.1600000262260437,0.0066469556,0.0066469556,0.0,0.03781857408,0.03781857408,0.0,0.0095238096,0.0095238096,0.0,36.86290576,43.13709424,80.0,0.5359144994197678,0.7359145024,0.20000000298023224,9.199999999999989,160.8,170.0,75.57426068000001,92.42573931999999,168.0
SOD,OCCO,,0.0,,0.0,0.0,0.0,,0.29965176,,,0.0,,0.30999991297721863,0.0,0.30999991297721863,0.0,0.0,0.0,0.3099999725818634,0.0,0.3099999725818634,0.1830105848,0.1830105848,0.0,18.413180832208,18.413180832208,0.0,1.9617076226972654,3.0382961920000002,5.000003814697266,4.599999999999994,165.4,170.0,165.38381976,170.61618024,336.0
PHI,NC1CCC(N)CC1,4.784666238888889,4.784666238888889,0.0,0.2666666507720947,0.0,0.2666666507720947,0.0,0.0,0.0,0.594517,0.594517,0.0,0.172122666,0.172122666,0.0,0.0,0.0,0.0,0.0943457832,0.0943457832,0.0,0.1982464432,0.1982464432,0.0,46.61657030202198,54.511306592000004,7.894736289978027,0.9440122272495757,1.2071701611999999,0.2631579339504242,11.138839200000007,161.1388392,150.0,701.4447976,725.4447976,24.0
MTW,Cc1n(Cc2ccc(F)cc2)cc[n+]1C,,,,0.0,0.0,0.0,,,,,,,0.0,0.0,0.0,0.0,0.0,0.0,0.0,0.0,0.0,0.030630637936743144,0.4593693716,0.49000000953674316,0.9255567360000008,4.074443263999999,5.0,0.0030510092000000655,0.49694899079999993,0.5,16.19999999999999,158.8,175.0,141.92579504,26.074204959999996,168.0
MWW,C[N+](C)(C)C1[C@H]2CC[C@@H]1[C@@H]1CCC[C@H]21,,57.54288616666667,,0.0,0.0,0.0,,,,7.025691749013264,14.168538333333332,7.142846584320068,0.0,0.0,0.0,0.0,0.0,0.0,0.0,0.0,0.0,0.09752578632728887,0.37822748320000005,0.2807016968727112,0.5902469847099603,4.976212331999999,4.385965347290039,0.12777917512264408,0.40848093160000004,0.28070175647735596,6.348710399999987,166.3487104,160.0,106.28228799999997,250.28228799999997,144.0
NES,C(CCC[N+]12CCC(CC1)CC2)CC[N+]12CCC(CC1)CC2,22.6528465625,27.3471534375,50.0,,0.0,,,0.0,,,0.0,,0.1868985152,0.1868985152,0.0,0.0,0.0,0.0,0.2022289688,0.2022289688,0.0,0.28818939421573186,0.20200668479999997,0.4901960790157318,15.672596847551269,30.37847892,14.70588207244873,0.13945926390786592,0.10563877559999998,0.2450980395078659,9.0,166.0,175.0,505.2917803999999,865.2917803999999,360.0
NES,CC[N+]1(CC)CCCC(C)(C)C1,,93.38480383333332,,0.0,0.0,0.0,,,,,,,0.0,0.0,0.0,0.0,0.0,0.0,0.0,0.0,0.0,0.1526412424,0.3473587576,0.5,11.018126172,2.9818738279999994,14.0,0.15680090879999997,0.34319909120000003,0.5,6.400000000000006,156.4,150.0,602.9365092,782.9365092,180.0
NON,CC[N+](C)(CC)CC,,29.5378695,,0.0,0.0,0.0,,0.0,,,0.0,,0.003947478,0.003947478,0.0,0.0,0.0,0.0,0.48787647719999994,0.48787647719999994,0.0,0.09180604333830261,0.057272296,0.1490783393383026,17.824262593112056,24.885855171999996,7.0615925788879395,0.31488343961939225,0.5110387939999999,0.1961553543806076,23.3768872,146.6231128,170.0,9.846883600000012,201.8468836,192.0
MTW,CC[N+]1(C2CCCCC2)CCCC1,100.19487583333334,100.19487583333334,0.0,0.0,0.0,0.0,,,0.0,8.64270045,8.64270045,0.0,0.07710169696,0.07710169696,0.0,0.0,0.0,0.0,0.11674322896,0.11674322896,0.0,0.049210176,0.049210176,0.0,160.59240278000001,39.407597219999985,200.0,0.17774292519999998,0.17774292519999998,0.0,40.0834467729492,163.17824199999998,123.09479522705078,424.139521678125,211.11755839999998,635.257080078125
NON,C[N+]1(CCCCC[N+]2(C)CCCCCC2)CCCCCC1,0.0,0.0,0.0,0.0,0.0,0.0,0.0,0.0,0.0,0.0,0.0,0.0,0.0031646456,0.0031646456,0.0,0.0,0.0,0.0,2.3340612407198975,0.1001063828,2.4341676235198975,0.0,0.0,0.0,155.87538928,155.87538928,0.0,6.0887142628776365,0.0088685542,6.097582817077637,11.92179920000001,158.0782008,170.0,688.3204723242188,1043.45359,355.13311767578125
NON,C[N@@+]1(Cc2ccccc2)CCC[C@H]1CO,7.221169072204589,22.8211685,15.59999942779541,,0.0,,,,,,,,0.0,0.0,0.0,0.0,0.0,0.0,0.0,0.0,0.0,0.03503389447116395,0.4449660948,0.47999998927116394,0.9871290711628422,5.487129548,4.500000476837158,0.016656300728836004,0.49665628999999994,0.47999998927116394,0.0,150.0,150.0,720.5757601890625,1848.5761264,1128.0003662109375
MTW,CC1C[N+]2(CCCCCCCC[N+]34CCN(CC3)C(C)C4)CCN1CC2,,46.761011999999994,,0.0,0.0,0.0,,0.0,,,0.0,,0.050160157490116125,0.049839843999999994,0.10000000149011612,0.0,0.0,0.0,0.21159010832092895,0.08840990359999999,0.30000001192092896,0.1400199224,0.1400199224,0.0,13.91339198,36.08660802,50.0,0.00436504810988389,0.10436504960000001,0.10000000149011612,5.3659416000000135,155.3659416,150.0,32.173566752734416,380.17347520000004,347.9999084472656
NSI,OSDA-free,1.9135586473684212,1.9135586473684212,0.0,0.0,0.0,0.0,0.0,0.0,0.0,0.0,0.0,0.0,0.13173888320000002,0.13173888320000002,0.0,0.14486048159999998,0.14486048159999998,0.0,0.5182712038399999,0.5182712038399999,0.0,0.0,0.0,0.0,155.19332744,44.80667256000001,200.0,0.0,0.0,0.0,170.84095292,170.84095292,0.0,42.281857748,42.281857748,0.0
MTW,CC1CC[N+]2(CCCC2)CC1,,93.08655594117647,,0.0,0.0,0.0,,,,,46.187133,,0.07845915048,0.07845915048,0.0,0.0,0.0,0.0,0.18457963116,0.18457963116,0.0,0.5,0.0,0.5,29.546847720000002,43.54684772,14.0,0.32425558919999997,0.17574441080000003,0.5,17.347579200000013,167.3475792,150.0,177.95184479999995,357.95184479999995,180.0
PUN,CC[N+](C)(C)C,3.9334224016,3.9334224016,0.0,,,,,,0.0,,,0.0,0.0172640414,0.0172640414,0.0,0.0,0.0,0.0,0.3778704975999999,0.8778704975999999,0.5,0.0,0.0,0.0,17.66028596,20.66028596,3.0,0.24951590759999998,0.7495159076,0.5,18.292672399999987,131.7073276,150.0,979.8093763999998,1315.8093763999998,336.0
SOD,C[N+]1(CCCCCC[N+]2(C)CCCC2)CCCC1,3.9441680347696906,13.957390729166663,10.013222694396973,,0.0,,,3.297306,,,,,0.150737008,0.150737008,0.0,0.0,0.0,0.0,0.14898815119999997,0.14898815119999997,0.0,0.4201803737352417,0.2980888552,0.7182692289352417,9.464443663367431,15.064443568,5.599999904632568,0.07941937584883604,0.19058063488000002,0.27000001072883606,5.683204399999994,165.6832044,160.0,64.53036480000003,400.53036480000003,336.0
MTW,C(CC[N+]12CCN(CC1)CC2)C[N+]12CCN(CC1)CC2,,74.39596750000001,,0.0,0.0,0.0,,0.0,,,0.0,,0.07086998109011612,0.0291300204,0.10000000149011612,0.0,0.0,0.0,0.24237453740092896,0.057625474520000004,0.30000001192092896,0.17396435440000002,0.17396435440000002,0.0,34.944022248,15.055977751999997,50.0,0.0024107237098838774,0.1024107252,0.10000000149011612,11.780515999999977,161.78051599999998,150.0,1150.1663422327342,1498.1662506799998,347.9999084472656
PWW,Cc1cn(C)[n+](CCCC[n+]2cc(C)cn2C)c1,3.973050416666668,13.973050416666668,10.0,,0.0,,,,,,,,0.0,0.0,0.0,0.0,0.0,0.0,0.02,0.02,0.0,0.43144870942573244,0.4776427632,0.9090914726257324,0.06307686189428718,4.608531364,4.545454502105713,0.018651194045982367,0.20862154,0.22727273404598236,0.19999999999998863,174.8,175.0,5.179956400000037,330.82004359999996,336.0
RTE,NC1CC2CCC1C2,0.0,0.0,0.0,0.0,0.0,0.0,0.0,0.0,0.0,0.0,0.0,0.0,0.0,0.0,0.0,0.0,0.0,0.0,0.121139968,0.121139968,0.0,0.0,0.0,0.0,81.09588375999999,118.90411624000001,200.0,1.9973699040000001,1.9973699040000001,0.0,1.1538752000000159,151.15387520000002,150.0,1607.5856985599999,1607.5856985599999,0.0
SFG,CCC[N+]1(C2CCCCCCC2)CCCC1,0.0,0.0,0.0,0.0,0.0,0.0,0.0,0.0,0.0,14.631872744210526,14.631872744210526,0.0,0.031424751460000004,0.031424751460000004,0.0,0.0,0.0,0.0,0.11923912760000004,0.11923912760000004,0.0,0.0,0.0,0.0,138.67766204,61.322337960000006,200.0,0.09552398000000001,0.09552398000000001,0.0,6.74463242304688,138.3024562,145.04708862304688,446.3893640117187,250.199198,696.5885620117188
SFH,C[N+](C)(C)CC1(c2ccccc2)CCCC1,54.133145875,54.133145875,0.0,0.0,0.0,0.0,,,0.0,23.646767,23.646767,0.0,0.00330062,0.00330062,0.0,0.0,0.0,0.0,0.0790054308,0.0790054308,0.0,0.0563171936,0.0563171936,0.0,176.11648972,23.88351028,200.0,0.1550333956,0.1550333956,0.0,30.437230250781255,160.2982532,129.86102294921875,454.5299599519532,914.6024392,460.0724792480469
SFN,C[N+]1(CC2(c3ccccc3)CCCC2)CCCCCCC1,,0.0,,0.0,0.0,0.0,,0.0,,16.42629763195801,31.577815500000003,15.151517868041992,0.08580862861871719,0.008,0.0938086286187172,0.0,0.0,0.0,0.10538984150905456,0.1760360816,0.28142592310905457,0.0,0.0,0.0,4.36997961783203,42.83151984,38.46154022216797,3.9124437434368e-05,0.18757813280000002,0.1876172572374344,2.4000000000000057,162.4,160.0,601.12270976,793.12270976,192.0
SFS,CC[N+]1(CC)C(C)CCC2CCCCC21,62.235265,62.235265,0.0,0.0,0.0,0.0,,,0.0,51.680241,51.680241,0.0,0.014408660984,0.014408660984,0.0,0.0,0.0,0.0,0.09360642319999998,0.09360642319999998,0.0,0.02,0.02,0.0,179.15681612,20.84318388,200.0,0.08649400728,0.08649400728,0.0,16.36051985566405,153.3023372,169.66285705566406,1258.4322284761718,1578.5284503999999,320.0962219238281
SFV,CC[N+]1(CC)CC(C)CC(C)C1,16.66666603088379,0.0,16.66666603088379,,0.0,,,0.0,,,0.0,,0.09103964268727936,0.00329998136,0.09433962404727936,0.0,0.0,0.0,0.2830188572406769,0.0,0.2830188572406769,0.0,0.0,0.0,156.9782379024902,185.28012159999997,28.301883697509766,0.1841485645957199,0.0045306984,0.1886792629957199,151.6,151.6,0.0,188.9324868,188.9324868,0.0
MTT,CCNCCN(C)C,1.7745029166666626,64.27450291666666,62.5,,0.0,,,0.0,,,0.0,,0.0074373924,0.0074373924,0.0,0.09835531643984986,0.09849504299999999,0.19685035943984985,0.06372765349397003,0.09375266088,0.15748031437397003,0.0,0.0,0.0,25.364972274794923,66.70355336,41.33858108520508,0.013260177242172239,0.183590212,0.19685038924217224,2.560646399999996,157.4393536,160.0,410.7188471999999,614.7188471999999,204.0
MTT,CCCCC[N+](C)(C)C,,68.29631494444443,,0.0,0.0,0.0,,0.0,,,7.606058999999999,,0.0273274288,0.0273274288,0.0,0.1019531527732651,0.09804676079999998,0.19999991357326508,0.09564471750023223,0.10435528548,0.20000000298023224,0.0,0.0,0.0,6.689719814697263,48.689716,41.999996185302734,0.042797178180232265,0.15720282479999997,0.20000000298023224,0.4360375999999917,159.5639624,160.0,38.571563999999995,206.571564,168.0
MTT,CC(C)NCCN(C)C,16.148221565217398,78.6482215652174,62.5,,0.0,,,,,,47.315832,,0.007811447,0.007811447,0.0,0.05969557343984985,0.137154786,0.19685035943984985,0.04583948133397005,0.11164083303999998,0.15748031437397003,0.0,0.0,0.0,0.6599156852050783,40.6786654,41.33858108520508,0.0033028563578277603,0.2001532456,0.19685038924217224,1.3017656000000102,158.6982344,160.0,107.52607040000004,311.52607040000004,204.0
MRE,CCCCCC[N+](C)(C)C,,100.0,,0.0,0.0,0.0,,0.0,,,0.0,,0.04380427944,0.04380427944,0.0,0.19999991357326508,0.0,0.19999991357326508,0.02766506838023222,0.17233493460000002,0.20000000298023224,0.0,0.0,0.0,0.27236773469725506,42.27236391999999,41.999996185302734,0.09071720286023224,0.10928280012,0.20000000298023224,19.210177600000037,179.21017760000004,160.0,84.91375975999999,83.08624024000001,168.0
ABW,C1CNCCNC1,0.6651216379166668,0.6651216379166668,0.0,0.0,0.0,0.0,0.0,0.0,0.0,0.0,0.0,0.0,0.01420111144,0.01420111144,0.0,0.0,0.0,0.0,1.1979135547999997,1.1979135547999997,0.0,0.0,0.0,0.0,4.334783981469723,20.984783599999997,16.649999618530273,0.7753256824000001,2.2753256824,1.5,64.18674439999998,139.18674439999998,75.0,2.8778473200000008,69.12215268,72.0
MRE,CC(C)n1cc[n+](CCCCCCn2cc[n+](C(C)C)c2)c1,250.17838544140625,49.824117,300.00250244140625,,0.09523809999999999,,,0.0,,,0.0,,0.05779479237071869,0.04187298028,0.09966777265071869,0.0293504728,0.0293504728,0.0,0.22934149300287476,0.1693295976,0.39867109060287476,0.09519999999999999,0.09519999999999999,0.0,4.063256267357417,35.803851124000005,39.86710739135742,0.08589147870143737,0.1134440666,0.19933554530143738,3.1999999999999886,163.2,160.0,303.60892710546875,771.921244,468.31231689453125
CHA,NCCCN,0.26900048000000004,0.26900048000000004,0.0,1.00111112,1.00111112,0.0,0.0,0.0,0.0,0.0,0.0,0.0,0.0,0.0,0.0,0.0,0.0,0.0,0.0,0.0,0.0,0.0,0.0,0.0,5.44081450042529,17.583672051999997,12.142857551574707,0.39773936578787084,0.6120250524,0.2142856866121292,34.989014,194.989014,160.0,23.877803400000005,48.122196599999995,72.0
CGF,C1CN2CCN1CC2,,0.125,,0.34400364958333335,0.34400364958333335,0.0,,0.0,,,0.0,,0.0,0.0,0.0,0.0,0.0,0.0,0.0,0.0,0.0,0.07,0.07,0.0,134.948554716,134.948554716,0.0,1.3294489581067046,1.604858746,0.2754097878932953,24.935775199999995,184.9357752,160.0,50.64594840000001,218.6459484,168.0
CGS,C1C[NH+]2CCC1CC2,11.718286546666667,11.718286546666667,0.0,0.0,0.0,0.0,0.0,0.0,0.0,0.0,0.0,0.0,0.10089751200000001,0.10089751200000001,0.0,0.0,0.0,0.0,0.29643545159999996,0.29643545159999996,0.0,0.0,0.0,0.0,52.371819216000006,52.371819216000006,0.0,0.10567508799999999,0.10567508799999999,0.0,9.892541949335907,154.92844587999997,145.03590393066406,476.01665557681645,568.19441284,92.1777572631836
CHA,C1CNCCNCCCNCCNC1,4.6345901199999995,4.6345901199999995,0.0,0.75386738,0.75386738,0.0,0.0,0.0,0.0,0.0,0.0,0.0,0.1483599248,0.1483599248,0.0,0.006662195199999999,0.006662195199999999,0.0,0.01747550328,0.01747550328,0.0,0.0,0.0,0.0,132.515499396,67.484500604,200.0,0.09240285188,0.09240285188,0.0,5.713750399999981,164.28624960000002,170.0,12.70709156000001,83.29290843999999,96.0
CHA,C1CN[C@H](CN2CCCC2)C1,3.7576901776,3.7576901776,0.0,0.18645623333333328,0.8135437666666667,1.0,0.0,0.0,0.0,0.0,0.0,0.0,0.0122304184,0.0122304184,0.0,0.0,0.0,0.0,0.028201976000000004,0.028201976000000004,0.0,0.0,0.0,0.0,27.711756933674316,41.46175598,13.749999046325684,0.12617629599999997,0.25117629599999997,0.125,32.42243959999999,142.5775604,175.0,102.93553503999999,174.93553504,72.0
CHA,CCC[N+](CCC)(CCC)CCC,4.85516681296,0.14483318703999998,5.0,,1.0952589545454545,,,0.0,,,0.0,,0.6666664481163025,0.0,0.6666664481163025,0.1666666567325592,0.0,0.1666666567325592,0.1874999701976776,0.0,0.1874999701976776,0.0,0.0,0.0,1.2937508491162077,17.960416879999997,16.66666603088379,0.2578211343990107,0.27865445904,0.020833324640989304,59.37876,169.37876,110.0,25.456062640000006,46.543937359999994,72.0
CHA,CC[N+]1(C)C2CCCC1CCC2,13.579708636,16.420291364,30.0,,,,,,,,,,0.0,0.0,0.0,0.0,0.0,0.0,0.0,0.0,0.0,0.0,0.0,0.0,0.0,0.0,0.0,0.0,0.0,0.0,1.3405168000000174,133.65948319999998,135.0,1111.8869099421875,1412.1633992,300.2764892578125
CHA,CC[N+]1(C)CC2CC1CN(C)C2,2.0756287916666665,32.07562879166667,30.0,,0.0,,,,,,,,0.0019957796,0.0019957796,0.0,0.0,0.0,0.0,0.0050931095999999995,0.0050931095999999995,0.0,0.0,0.0,0.0,1.4781183999999998,1.4781183999999998,0.0,0.0055952572,0.0055952572,0.0,14.703492000000011,149.703492,135.0,334.8992455421875,233.01176519999999,567.9110107421875
CHA,CC[N+]1(CC)CC2CCCC1CCC2,30.399319560000002,19.600680439999998,50.0,,0.0,,,0.0,,,0.0,,0.09869719296693802,0.0,0.09869719296693802,0.0,0.0,0.0,0.240163192152977,0.0,0.240163192152977,0.0,0.0,0.0,34.9003791809082,8.0,42.9003791809082,0.14146597683429718,0.0,0.14146597683429718,42.20483399999999,127.79516600000001,170.0,1626.4337858671095,2017.52182908,391.0880432128906
CHA,CC[NH2+]CC,0.16721376168892893,0.13278625023200002,0.30000001192092896,0.07216514799999996,0.927834852,1.0,,0.0,,,0.0,,0.0,0.0,0.0,0.0,0.0,0.0,0.0,0.0,0.0,0.0,0.0,0.0,20.39392228595752,31.915661292,11.52173900604248,0.18081594060236755,0.25396665384,0.43478259444236755,66.56590560000004,166.56590560000004,100.0,35.228856552,59.228856552,24.0
CHA,CN1CCCCC1,0.2574865244,0.2574865244,0.0,0.6044486368883215,1.0589941347826086,0.4545454978942871,0.0,0.0,0.0,0.0,0.0,0.0,0.0,0.0,0.0,0.0,0.0,0.0,0.0,0.0,0.0,0.007655678,0.007655678,0.0,44.403852036,10.283647964,54.6875,0.4998936003953552,0.28135634000000004,0.7812499403953552,12.78993920000002,192.78993920000002,180.0,63.75125711999999,135.75125712,72.0
CHA,Cc1ncc[nH]1,0.5624179300000001,0.5624179300000001,0.0,0.008534710833333348,1.0085347108333333,1.0,0.0,0.0,0.0,0.0,0.0,0.0,0.0,0.0,0.0,0.0,0.0,0.0,0.0,0.0,0.0,0.0694434774576721,0.470556544,0.5400000214576721,2.8603551823999998,2.8603551823999998,0.0,0.1187730673690921,3.8037711028000003,3.684998035430908,10.199999999999989,149.8,160.0,26.255588232,28.255588232,2.0
CTH,Cc1ccccc1C[n+]1ccn(C)c1C,,,,0.0,0.0,0.0,3.715984180379233,4.284021541666665,8.000005722045898,,,,0.0,0.0,0.0,0.0,0.0,0.0,0.0,0.0,0.0,0.02751951544883119,0.4719639036,0.4444443881511688,1.53071139962793,5.975156056,4.44444465637207,0.026885107844186462,0.47132955560000006,0.4444444477558136,9.682666799999993,150.3173332,160.0,1029.9805323648104,1032.5592732000002,2.5787408351898193
BEA,CN(C)CCCCCC[N+](C)(C)Cc1ccc(C[N+](C)(C)CCCCCCN(C)C)cc1,58.0,78.0,20.0,,0.0,,,0.0,,,0.0,,0.4000000059604645,0.0,0.4000000059604645,0.0,0.0,0.0,0.02190357194900666,0.2504750316,0.22857145965099335,0.0,0.0,0.0,32.56125171845704,33.914952199999995,66.47620391845703,0.028764597875664544,0.14305031280000002,0.11428571492433548,41.599999999999994,108.4,150.0,78.99422392,41.00577608,120.0
DOH,C[N+]12CCC(CC1)CC2,,,,0.0,0.0,0.0,,,,84.27336433622361,85.042595,0.7692306637763977,0.0,0.0,0.0,0.0,0.0,0.0,0.0198482228,0.0198482228,0.0,0.0,0.0,0.0,44.446258147851566,46.8580784,91.30433654785156,0.22831649032468995,0.20646613392,0.43478262424468994,6.5025303999999835,193.49746960000002,200.0,1912.2251534181646,2093.4519448000005,181.22679138183594
DOH,NCC1CCCO1,0.0,0.0,0.0,0.0,0.0,0.0,0.0,0.0,0.0,0.11562707000000001,0.11562707000000001,0.0,0.0,0.0,0.0,0.0,0.0,0.0,0.0,0.0,0.0,0.0,0.0,0.0,89.61537164,110.38462836,200.0,1.1093815236,1.1093815236,0.0,12.257479208203137,195.4263892,207.68386840820312,888.0274691527345,1088.0273776000001,199.99990844726562
BEC,c1ccc2c(c1)C[N+]1(CCCCC1)C2,2.177509259265136,11.02249055,13.199999809265137,,0.0,,0.1304333490909091,2.130433349090909,2.0,,12.572891333333333,,0.0,0.0,0.0,0.0,0.0,0.0,0.0,0.0,0.0,0.05704191095106659,0.1352658444,0.1923077553510666,0.5989403142468257,6.1318293200000005,6.730769634246826,0.005834246507156388,0.23455036199999998,0.24038460850715637,0.0,175.0,175.0,0.0,168.0,168.0
BEA,CC1C[N+]2(CCCC[N+]34CCN(CC3C)C(C)C4)CCN1CC2C,,84.53478857142856,,0.0,0.0,0.0,,0.0,,,0.0,,0.0,0.0,0.0,0.0,0.0,0.0,0.19752580120000005,0.19752580120000005,0.0,0.46,0.04,0.5,13.200064200000007,23.200064200000007,10.0,0.14041756464,0.10958243536000001,0.25,13.431992800000017,136.56800719999998,150.0,379.19070896,148.80929104,528.0
MOR,N,39.284843952,10.715156047999999,50.0,,,,,,,,,,0.18094053198698423,0.21121651600000002,0.39215704798698425,0.19607844948768616,0.0,0.19607844948768616,0.09211041606652497,0.10396801852,0.19607843458652496,0.0,0.0,0.0,14.299323910238037,19.20128476,4.901960849761963,0.0018763847286452865,0.01086873304,0.012745117768645287,14.562402399999996,174.5624024,160.0,69.28798468,50.71201532,120.0
ANA,CCN(CC)CC,1.8280351471142318,4.078034908695653,2.249999761581421,,0.0,,,0.0,,,0.0,,0.9892411113230346,0.3953746676,1.3846157789230347,0.2863601588,0.2863601588,0.0,0.06808043343559261,0.39345809000000004,0.46153852343559265,0.0,0.0,0.0,12.293246306259753,46.16830536000001,58.461551666259766,0.4869613374704833,1.4254228796,0.9384615421295166,41.80000000000001,158.2,200.0,582.76218184,654.76218184,72.0
AEI,CC[N+]1(CC)C(C)CCCC1C,170.86097599372656,7.709717975999999,178.57069396972656,,0.0,,,0.0,,,0.0,,0.021714128000000003,0.021714128000000003,0.0,0.0,0.0,0.0,0.0084975636,0.0084975636,0.0,0.5966583490371704,0.0,0.5966583490371704,69.53788362509339,72.52117692,2.983293294906616,0.49321553921699524,0.004,0.49721553921699524,66.2581198,83.7418802,150.0,61.02036612,58.97963388,120.0
AFI,CC(C)CNCC(C)C,0.13418227408000002,0.13418227408000002,0.0,0.1327855702418581,1.0327855464000002,0.8999999761581421,0.0,0.0,0.0,0.0,0.0,0.0,0.0,0.0,0.0,0.0,0.0,0.0,0.0,0.0,0.0,0.0,0.0,0.0,46.0228588327832,6.608721520000001,52.6315803527832,0.33718892810844125,0.8635046768000001,0.5263157486915588,19.31699040000001,189.3169904,170.0,18.93111048,42.93111048,24.0
AFI,CC[N+]1(C)CC2CC3CC(C2)CC1C3,19.413446,50.586554,70.0,,0.0,,,,,,,,0.01602631256,0.01602631256,0.0,0.0,0.0,0.0,0.024224146119999998,0.024224146119999998,0.0,0.0,0.0,0.0,14.99409524,14.99409524,0.0,0.013994037320000001,0.013994037320000001,0.0,17.16982279999999,152.8301772,170.0,234.04747502929686,149.595805,383.6432800292969
AFI,CN(C)C(=N)N(C)C,4.6175197092,4.6175197092,0.0,0.16821390857907093,0.9682139204999999,0.800000011920929,0.0,0.0,0.0,0.0,0.0,0.0,0.015705748,0.015705748,0.0,0.0,0.0,0.0,0.0086661368,0.0086661368,0.0,0.0483882924,0.0483882924,0.0,0.650204827441895,9.816871812,9.166666984558105,0.10227247996627958,0.2689391516,0.1666666716337204,25.0,175.0,150.0,8.674094532000002,14.674094532000002,6.0
AFI,Cc1n(C)cc[n+]1Cc1ccccc1,0.0579164136,0.0579164136,0.0,0.6323401679325592,0.9656735112,0.3333333432674408,0.0,0.0,0.0,0.0,0.0,0.0,0.0,0.0,0.0,0.0,0.0,0.0,0.0,0.0,0.0,0.0,0.0,0.0,8.422736020790712,9.860236140000001,1.4375001192092896,5.781543154677637,0.31603966240000003,6.097582817077637,20.0,150.0,170.0,51.21639192000001,68.78360808,120.0
AFI,Cn1cc[n+](Cc2ccccc2)c1,0.0,0.0,0.0,0.3733916531325592,0.7067249964,0.3333333432674408,0.0,0.0,0.0,0.0,0.0,0.0,0.0,0.0,0.0,0.0,0.0,0.0,0.0,0.0,0.0,0.11926638794467226,0.05573341535999999,0.17499980330467224,1.9209252399999996,1.9209252399999996,0.0,3.267242317477637,2.8303404995999997,6.097582817077637,4.586673599999983,155.41332640000002,160.0,1.4678216199999987,25.46782162,24.0
AFN,C[N+](C)(C)C,1.9757183520000001,1.9757183520000001,0.0,0.0029864136363637606,1.0029864136363638,1.0,0.0,0.0,0.0,0.0,0.0,0.0,0.0,0.0,0.0,0.0,0.0,0.0,0.0,0.0,0.0,0.27061745828,0.27061745828,0.0,11.80152408,8.19847592,20.0,2.1182235559098843,2.2182235574000004,0.10000000149011612,28.3837604,178.3837604,150.0,24.2997048408,19.7002951592,44.0
AFX,C(CC[N+]12CCC(CC1)CC2)C[N+]12CCC(CC1)CC2,18.116130990400002,18.116130990400002,0.0,1.1111112,1.1111112,0.0,,,0.0,,,0.0,0.519622596,0.519622596,0.0,0.0,0.0,0.0,0.5232093528000001,0.5232093528000001,0.0,0.0,0.0,0.0,190.201751912,9.798248088,200.0,0.08033449216,0.08033449216,0.0,1.4000000000000057,141.4,140.0,37.03462744000001,106.96537255999999,144.0
AFX,C[N+]1(CCCC[N+]2(C)CCCCC2)CCCCC1,15.322920117690625,19.6420762202,34.964996337890625,,1.1944444666666667,,,,,,,,0.23957313295553595,0.44096331599999994,0.6805364489555359,0.0,0.0,0.0,0.25984931982022097,0.284580042,0.544429361820221,0.0,0.0,0.0,15.827228876000001,15.827228876000001,0.0,0.07351763120000002,0.07351763120000002,0.0,14.800000000000011,155.2,170.0,503.59715835546876,128.36005600000001,631.9572143554688
AFX,NCCCOCCOCCOCCCN,1.0853608232,1.0853608232,0.0,1.1252224588235293,1.1252224588235293,0.0,,,0.0,,,0.0,0.0474464912,0.0474464912,0.0,0.0,0.0,0.0,0.043933742000000005,0.043933742000000005,0.0,0.0,0.0,0.0,189.86221386,10.13778614,200.0,0.18968334368,0.18968334368,0.0,4.545176800000007,165.4548232,170.0,69.987578,98.012422,168.0
AHT,CCCCCNCCCCC,0.08822971874,0.08822971874,0.0,0.04711478157894722,1.0471147815789472,1.0,0.0,0.0,0.0,0.0,0.0,0.0,0.0,0.0,0.0,0.0,0.0,0.0,0.0,0.0,0.0,0.008,0.008,0.0,5.010616487999998,7.489383512000002,12.5,0.024017570399999993,0.2259824296,0.25,79.0746948,199.0746948,120.0,20.011898679999994,56.011898679999994,36.0
ANA,CC[N+](C)(C)C1CCCCC1,4.994475540981689,10.096518216,5.1020426750183105,,0.0,,,0.0,,,0.0,,0.2777272356,0.2777272356,0.0,0.017611349999999998,0.017611349999999998,0.0,0.11379566004000001,0.11379566004000001,0.0,0.0,0.0,0.0,29.986144548000002,29.986144548000002,0.0,0.13430577400000002,0.13430577400000002,0.0,10.08790239999999,160.0879024,150.0,646.9630067599999,790.9630067599999,144.0
BEA,CC1C[N+]2(CCCC[N+]34CCN(CC3)C(C)C4)CCN1CC2,,40.49855166666667,,0.0,0.0,0.0,,,,,19.458063,,0.0038476231999999997,0.0038476231999999997,0.0,0.0,0.0,0.0,0.014688708,0.014688708,0.0,0.3403971724,0.1596028276,0.5,5.724626448,4.275373552,10.0,0.1483255212,0.1016744788,0.25,4.199999999999989,154.2,150.0,973.8723516,1501.8723516,528.0
ANA,CC[N+](CC)(CC)CCCCCCCCCC[N+](CC)(CC)CC,9.005653279999997,20.994346720000003,30.0,,,,,,,,,,0.2923467924900509,1.3858954479999996,1.0935486555099487,0.0,0.0,0.0,0.37252029318469204,1.6596170319999997,1.2870967388153076,0.0,0.0,0.0,1.3306859299023301,37.378992720000014,38.709678649902344,0.01565194138429138,0.08112224928,0.09677419066429138,0.0,160.0,160.0,2.1622976000000165,170.16229760000002,168.0
ANA,C[N+](C)(C)CCCCCCCCCC[N+](C)(C)C,5.684166458333337,24.315833541666663,30.0,,0.0,,,,,,,,0.15021686070994877,0.9433317948,1.0935486555099487,0.0229098056,0.0229098056,0.0,0.04713093668858273,0.14641744464000003,0.19354838132858276,0.0,0.0,0.0,1.1124747299023383,37.597203920000005,38.709678649902344,0.017436182024291383,0.07933800864,0.09677419066429138,0.0,160.0,160.0,0.0,168.0,168.0
APC,Fc1ccccc1CN1CCCC1,0.204093554,0.045906446000000004,0.25,0.034748357599999946,0.9652516424,1.0,,0.0,,,0.0,,0.0,0.0,0.0,0.0,0.0,0.0,0.0,0.0,0.0,0.0,0.0,0.0,1.8304490272558596,10.71933834,8.88888931274414,0.04243132172209313,0.26465354559999993,0.2222222238779068,41.966644287109375,155.0,196.96664428710938,189.14515197753906,42.12,231.26515197753906
AST,C1=C(c2ccncc2)NN(c2ccncc2)N=C1c1ccncc1,,0.0,,0.0,0.0,0.0,0.91878788,0.08121212,1.0,,0.0,,0.0,0.0,0.0,0.0,0.0,0.0,0.0,0.0,0.0,0.016355189600000042,0.48364481039999996,0.5,4.728444749674312,14.728443795999995,9.999999046325684,0.18030537610988384,0.28030537759999996,0.10000000149011612,50.80000000000001,149.2,200.0,15.36560560000001,159.3656056,144.0
AST,C[N+]1(CCCCC[N+]2(C)CCCC2)CCCC1,3.696361236842105,3.696361236842105,0.0,0.0,0.0,0.0,0.34427715789473684,0.34427715789473684,0.0,0.0,0.0,0.0,0.0,0.0,0.0,0.0,0.0,0.0,0.9620156595198979,1.4721519639999996,2.4341676235198975,0.1840724832,0.1840724832,0.0,2.4097256400000004,2.4097256400000004,0.0,2.4471809366776363,3.6504018804000005,6.097582817077637,2.0,168.0,170.0,1999.5301684558594,2145.7007312,146.17056274414062
AST,C[N+]1(Cc2ccc(F)cc2)CCCC1,,12.828019999999999,,0.0,0.0,0.0,,,,,,,0.0,0.0,0.0,0.0,0.0,0.0,0.0,0.0,0.0,0.08759179345767215,0.45240822799999997,0.5400000214576721,0.2421695237507322,3.8478301520000002,4.089999675750732,0.02895141785767219,0.5110486035999999,0.5400000214576721,5.994750399999987,144.0052496,150.0,821.9815076,1325.9815076,504.0
AWO,CCCNCCC,0.027179085199999998,0.027179085199999998,0.0,0.19707760458333334,0.8029223954166667,1.0,0.0,0.0,0.0,0.0,0.0,0.0,0.0,0.0,0.0,0.0,0.0,0.0,0.0,0.0,0.0,0.0,0.0,0.0,19.982509659999998,32.48250966,12.5,0.8690406783999998,1.1190406783999998,0.25,4.199999999999989,185.8,190.0,34.29907928,82.29907928,48.0
AWO,C[N+](C)(C)CCCN,12.51875,12.51875,0.0,,0.09682072208333332,,0.26434865999999996,0.26434865999999996,0.0,0.018789748666666665,0.018789748666666665,0.0,0.007741935199999999,0.007741935199999999,0.0,0.0,0.0,0.0,0.0520393484,0.0520393484,0.0,0.02,0.02,0.0,9.064478519982416,32.681501987999994,23.617023468017578,0.6953302814664064,1.0229898884000002,0.32765960693359375,18.892646400000018,181.10735359999998,200.0,95.52999599999998,215.52999599999998,120.0
AWO,NCCN,0.002,0.002,0.0,0.511543088,0.48845691199999997,1.0,0.0,0.0,0.0,0.0,0.0,0.0,0.0,0.0,0.0,0.0,0.0,0.0,0.0,0.0,0.0,0.0,0.0,0.0,19.955814472000007,29.955814472000007,10.0,0.9579191684000001,1.0829191684000001,0.125,20.270556400000032,179.72944359999997,200.0,82.20368645878906,150.2036712,67.99998474121094
AWW,C1CCCNCC1,0.39330778800000005,0.39330778800000005,0.0,0.29863660795349123,0.85419219,0.5555555820465088,0.0,0.0,0.0,0.0,0.0,0.0,0.018186815999999998,0.018186815999999998,0.0,0.0,0.0,0.0,0.023823282799999998,0.023823282799999998,0.0,0.0,0.0,0.0,16.643352432,22.893352432,6.25,0.08789242695019539,0.8914641280000001,0.8035717010498047,9.384595999999988,209.384596,200.0,22.041544954800003,73.9584550452,96.0
BEA,CC1C[N+]2(CCCCCCCC[N+]34CCN(CC3)C(C)C4)CCN1CC2,,10.48750123076923,,0.0,0.0,0.0,,0.0,,,0.0,,0.0,0.0,0.0,0.0,0.0,0.0,0.0,0.0,0.0,0.16491505679999996,0.33508494320000004,0.5,51.630653188000004,61.630653188000004,10.0,0.08199655240000003,0.16800344759999997,0.25,12.217920399999997,162.2179204,150.0,981.3913104000001,1509.3913104,528.0
MEL,CCC[N+](CCC)(CCC)CCCCCC[N+](CCC)(CCC)CCC,,47.205685,,0.0,0.0,0.0,,,,,42.961857,,0.0,0.0,0.0,0.0,0.0,0.0,0.10434609167907122,0.3456538963999998,0.44999998807907104,0.0,0.0,0.0,164.48376679999998,35.51623320000001,200.0,0.051813788940696714,0.17318622,0.22500000894069672,120.4,170.4,50.0,4002.803139859375,29.305991,4032.109130859375
ITW,Cc1cn(C)c[n+]1C,,,,0.0,0.0,0.0,,,,,,,0.0,0.0,0.0,0.0,0.0,0.0,0.0,0.0,0.0,0.06626878119812019,0.49373139999999993,0.5600001811981201,0.9586655159999999,6.041334484,7.0,0.056114261579541025,0.5038856812,0.559999942779541,25.0,150.0,175.0,195.3647328,140.6352672,336.0
LEV,CN1CCCCC1,0.3364353266666666,0.3364353266666666,0.0,0.534205716802796,0.9826362847826087,0.4484305679798126,0.0,0.0,0.0,0.0,0.0,0.0,0.0023986037199999997,0.0023986037199999997,0.0,0.0,0.0,0.0,0.0035985728,0.0035985728,0.0,0.0171373236,0.0171373236,0.0,41.8134639655586,11.127721032,52.941184997558594,0.08387201674634698,0.36040035240000007,0.44427236914634705,37.65218119999997,217.65218119999997,180.0,57.4195328,14.580467199999998,72.0
LOS,CCCC[N+](CCCC)(CCCC)CCCC,0.08991146920000004,1.0899114692,1.0,,0.1,,,0.0,,,0.0,,0.44930170599999997,0.699301706,0.25,0.0,0.0,0.0,1.5364049583198975,0.8977626651999999,2.4341676235198975,0.0,0.0,0.0,29.593021444843757,101.65691752,131.24993896484375,4.2418865792,0.7581134208,5.0,49.4952088,144.4952088,95.0,161.43038008399998,102.56961991600001,264.0
LTA,C1CN2CCC1CC2,0.5905404666666666,0.5905404666666666,0.0,0.0,0.0,0.0,1.093736090909091,1.093736090909091,0.0,0.36491728,0.36491728,0.0,0.0,0.0,0.0,0.0,0.0,0.0,0.0,0.0,0.0,0.051822205508128355,0.2393221012,0.18749989569187164,44.291241108000015,60.291241108000015,16.0,0.8932087183999999,2.3932087184,1.5,6.9919692,156.9919692,150.0,1978.3694344000003,2002.3694344000003,24.0
LTA,C1COCCN1,4.041713327391304,4.041713327391304,0.0,0.75,0.25,1.0,0.0,0.0,0.0,0.0,0.0,0.0,0.0086131392,0.0086131392,0.0,0.0,0.0,0.0,0.6088484204,0.6088484204,0.0,0.2,0.05,0.25,17.21026058,17.21026058,0.0,1.7405031144,1.9905031144,0.25,0.34178220000001147,149.6582178,150.0,723.5535543999999,747.5535543999999,24.0
LTA,CCCCN1C=CN(CC)C1C(=O)[O-],1.914681296,1.914681296,0.0,1.0,1.0,0.0,0.0,0.0,0.0,0.0,0.0,0.0,0.08911570919999999,0.08911570919999999,0.0,0.0,0.0,0.0,0.0650508748,0.0650508748,0.0,0.20000000298023224,0.0,0.20000000298023224,15.07339264,15.07339264,0.0,5.722173905477637,0.3754089116,6.097582817077637,13.278075600000022,146.72192439999998,160.0,127.66822212,223.66822212,96.0
LTA,CCCC[n+]1ccccc1,0.036341257599999996,0.036341257599999996,0.0,0.6686174839375488,0.2242395908,0.8928570747375488,0.0,0.0,0.0,0.0,0.0,0.0,0.0,0.0,0.0,0.0,0.0,0.0,0.0,0.0,0.0,0.34988392829381776,0.00388903976,0.35377296805381775,1.13758734,1.13758734,0.0,0.12575873173669416,3.350656664,3.4764153957366943,0.9939640000000054,159.006036,160.0,1.7255547519999972,22.274445248000003,24.0
LTL,CCNCC,18.3070085772347,0.6929895154166666,18.999998092651367,,0.46296296666666664,,,0.0,,,0.0,,0.010928242400000001,0.010928242400000001,0.0,0.949999988079071,0.0,0.949999988079071,0.9386449984558471,0.0113546916,0.9499996900558472,0.0,0.0,0.0,56.924195319999995,101.17419532,44.25,0.8033295044,0.8033295044,0.0,7.966854799999993,172.0331452,180.0,44.77250292000001,116.77250292000001,72.0
MAZ,C[N+](C)(C)CCC[N+](C)(C)C,5.07575284,24.92424716,30.0,,,,,,,,,,0.48760736670994875,0.6059412888,1.0935486555099487,0.0,0.0,0.0,0.060245822728582754,0.1333025586,0.19354838132858276,0.0,0.0,0.0,0.698586209902345,38.01109244,38.709678649902344,0.035799582624291365,0.06097460804000002,0.09677419066429138,0.0,160.0,160.0,0.6006195999999875,167.3993804,168.0
MEL,CC1CC(C)C[N+](C)(C)C1,,22.434877,,0.0,0.0,0.0,,0.0,,,0.0,,0.3410939444,0.3410939444,0.0,0.0,0.0,0.0,0.11353050919999999,0.11353050919999999,0.0,0.44,0.06,0.5,34.82305386,38.32305386,3.5,0.32360820340000007,0.17639179659999996,0.5,8.277448800000002,158.2774488,150.0,18.395298800000006,161.6047012,180.0
MEL,CCCCCCCCCCCCCCCCCC[N+](C)(C)CCCCCCN(C)C,22.040717416666666,17.959282583333334,40.0,,0.0,,,0.0,,,0.0,,0.1544984169332947,0.2747698836,0.4292683005332947,0.0,0.0,0.0,0.44998012181877134,0.51502074,0.06504061818122864,0.0,0.0,0.0,12.23119575646485,46.897859880000006,34.666664123535156,0.021723083568190762,0.0867637092,0.06504062563180923,10.0,160.0,170.0,107.98877240000002,203.98877240000002,96.0
MEL,NCCCCCCCCCN,17.338426388020835,62.383470333333335,45.0450439453125,,0.0,,,,,,16.8617164,,0.40205135360570676,0.1849179624,0.5869693160057068,0.153431272,0.153431272,0.0,0.1684482392,0.1684482392,0.0,0.0,0.0,0.0,1.60767170109375,37.52361492,39.13128662109375,0.0010589139971466377,0.29454357200000003,0.2934846580028534,60.19999999999999,160.2,100.0,3520.340896356875,79.66569544,3600.006591796875
MER,CC(C)(C)CC(C)(C)N,8.2687111024,8.2687111024,0.0,0.0,0.0,0.0,0.0,0.0,0.0,0.0,0.0,0.0,0.23836851160000003,0.23836851160000003,0.0,0.027926168,0.027926168,0.0,0.08278794447999999,0.08278794447999999,0.0,0.0,0.0,0.0,47.78226677162207,47.81491363999999,0.032646868377923965,4.267914142277636,1.8296686748000008,6.097582817077637,5.284480400000007,144.7155196,150.0,24.46238801999999,192.46238802,168.0
MFI,CC(C)NCCCCCNC(C)C,19.960336018232425,53.29366808,33.33333206176758,,,,,,,,,,0.0045274364,0.0045274364,0.0,0.03707028963936615,0.157104462,0.19417475163936615,0.03954168695195741,0.11579812031999999,0.1553398072719574,0.0,0.0,0.0,0.1686761738378948,40.945375240000004,40.77669906616211,0.0018397736393661324,0.19233497800000002,0.19417475163936615,0.0,160.0,160.0,46.99475720000004,325.00524279999996,372.0
MFI,CC(C)NCCN,26.785206210959693,60.11853827272727,33.33333206176758,,,,,,,,,,0.07625782799999999,0.07625782799999999,0.0,0.11002448683936615,0.0841502648,0.19417475163936615,0.08632675395195741,0.06901305331999999,0.1553398072719574,0.0,0.0,0.0,6.186752226162106,34.58994684,40.77669906616211,0.25005393556063377,0.4442286871999999,0.19417475163936615,2.130696400000005,162.1306964,160.0,123.24784975999998,248.75215024000002,372.0
MFI,CC(C)NCCNC(C)C,5.322659218232424,38.65599128,33.33333206176758,,0.0,,,0.0,,,0.0,,0.0,0.0,0.0,0.009094877160633896,0.20326962880000005,0.19417475163936615,0.04670807947195739,0.10863172780000001,0.1553398072719574,0.0,0.0,0.0,9.450756813837891,50.22745588,40.77669906616211,0.03327929323936615,0.1608954584,0.19417475163936615,0.0,160.0,160.0,55.6873152,316.3126848,372.0
MFI,CCCC[N+](CC)(CCCC)CCCC,,61.409872125,,0.0,0.0,0.0,,,,,,,0.032658675199999994,0.032658675199999994,0.0,0.0,0.0,0.0,0.14993244252,0.14993244252,0.0,1.0,0.0,1.0,29.396022324000008,49.39602232400001,20.0,0.09748857602813935,0.17748857424,0.07999999821186066,29.58236696000003,150.41763303999997,180.0,120.62013118799999,35.379868812000005,156.0
MFI,CCN(CC)CCN,,66.89709463636363,,0.0,0.0,0.0,,,0.8000011444091797,,,,0.12045036119999997,0.12045036119999997,0.0,0.0601580988,0.0601580988,0.0,0.06007181344000001,0.06007181344000001,0.0,1.25,0.0,1.25,20.15406036,29.84593964,50.0,5.736355912677636,0.36122690440000005,6.097582817077637,10.595464800000002,159.4045352,170.0,27.31311980000001,75.31311980000001,48.0
MFI,CC[N+](CC)(CC)CCCC[N+](CC)(CC)CC,15.367817200000005,45.367817200000005,30.0,,0.0,,,0.0,,,0.0,,0.15171139388000002,0.15171139388000002,0.0,0.5806452631950378,0.0,0.5806452631950378,0.25909784051433116,0.5150956847999999,0.774193525314331,0.0,0.0,0.0,5.9932629100976555,44.70294156,38.709678649902344,0.015889790375708646,0.11266398104000003,0.09677419066429138,4.005990800000006,164.0059908,160.0,41.92512368,126.07487632,168.0
MFI,OCC(CO)(CO)CO,18.898902761904765,43.898902761904765,25.0,,0.0,,,0.0,,,0.0,,0.04004580686492301,0.06408425951999999,0.02403845265507698,0.01719505944,0.01719505944,0.0,0.17723310299169726,0.20127156495999998,0.024038461968302727,0.0,0.0,0.0,3.441739610819333,22.519798704000003,25.961538314819336,0.29443032621431275,0.18633889079999996,0.48076921701431274,18.400000000000006,161.6,180.0,56.72,128.72,72.0
MOR,C[C@H]1CCC[C@@H](C)[N+]1(C)C,1.5919196213925755,13.333453456000003,14.925373077392578,,0.0,,,0.0,,,0.0,,0.08417921472065737,0.393796422,0.47797563672065735,0.0,0.0,0.0,0.06485496278044649,0.06635397855999998,0.13120894134044647,0.0,0.0,0.0,0.6631958261816422,25.57859876,26.24179458618164,0.02763789074276886,0.1035710804,0.13120897114276886,0.8531520000000228,140.85315200000002,140.0,92.13660931999999,164.13660932,72.0
MOR,C[N+]1(C)CC2CC(C1)[N+](C)(C)C2,5.464712320000004,35.464712320000004,30.0,,,,,,,,,,0.0,0.0,0.0,0.0,0.0,0.0,0.0,0.0,0.0,0.0,0.0,0.0,0.0,0.0,0.0,0.0,0.0,0.0,7.64579359999999,142.6457936,135.0,1409.6122627781251,1687.3629952000001,277.750732421875
MOR,C[N+]1(C)CCCCC1,3.8866519000000004,6.1133481,10.0,,0.0,,,0.0,,,0.0,,0.2959170701103576,0.24953749160000005,0.5454545617103577,0.0,0.0,0.0,0.6381848499678588,0.17999702240000004,0.8181818723678589,0.0,0.0,0.0,5.384705831577147,23.56652384,18.18181800842285,0.10724803645517883,0.1654792444,0.27272728085517883,29.670969200000002,150.3290308,180.0,25.768349999999998,265.76835,240.0
ITW,CC1=CN(C)CN1C,0.45454545454545453,0.45454545454545453,0.0,0.0,0.0,0.0,0.0,0.0,0.0,0.0,0.0,0.0,0.0,0.0,0.0,0.21333334,0.21333334,0.0,0.2508179372,0.2508179372,0.0,0.09221217320000001,0.09221217320000001,0.0,123.995130988,76.004869012,200.0,0.4960961024,0.4960961024,0.0,165.6750548,165.6750548,0.0,785.4961860000002,785.4961860000002,0.0
ITE,C[N+]1(C)CC2CCCC1C1CCC2C1,21.199946619047623,51.19994661904762,30.0,,0.0,,,,,,,,0.0,0.0,0.0,0.0,0.0,0.0,0.0,0.0,0.0,0.0,0.0,0.0,0.0,0.0,0.0,0.0,0.0,0.0,25.400000000000006,160.4,135.0,962.5210609539063,1484.4433632,521.9223022460938
ITE,C[C@H]1C[C@H](C)C[N+](C)(C)C1,,52.936648764705886,,0.0,0.0,0.0,,,,59.61467325439453,0.385334375,60.00000762939453,0.0369014296,0.0369014296,0.0,0.0,0.0,0.0,0.015229697600000001,0.015229697600000001,0.0,0.07868358240000001,0.07868358240000001,0.0,6.335080284000001,6.335080284000001,0.0,0.0927589626,0.0927589626,0.0,3.4000000000000057,156.6,160.0,562.6174441796876,905.3949100000001,342.7774658203125
ITE,CC[N@@+]1(C)CCCC(C)(C)C1,,91.6812427,,0.0,0.0,0.0,,,,51.05428012939453,8.9457275,60.00000762939453,0.0,0.0,0.0,0.0,0.0,0.0,0.0,0.0,0.0,0.2405925232,0.2405925232,0.0,2.7303960719999996,2.7303960719999996,0.0,0.2441266792,0.2441266792,0.0,4.857341199999979,155.14265880000002,160.0,991.0604792128904,1417.5661859999998,426.5057067871094
EEI,C1CCCC(C2CCCC2)(N2CCCCCCN2)CCC1,251.92310667845052,2.2434430041666666,254.1665496826172,,0.8479561200000001,,,0.0,,,0.0,,0.029552344,0.029552344,0.0,0.04637498781085014,0.0,0.04637498781085014,0.04637494683265686,0.0,0.04637494683265686,0.0,0.0,0.0,13.396811239785155,27.75276304,41.149574279785156,0.015193780093936154,0.2111441392,0.19595035910606384,18.254986400000007,178.2549864,160.0,271.70191239999997,64.2980876,336.0
EON,C[N+](C)(C)C,11.038148188712565,19.961857533333333,31.0000057220459,,0.0,,,0.0,,,0.0,,0.5648946415116394,0.0163552512,0.5812498927116394,0.0,0.0,0.0,0.3441043504905333,0.34504182480000006,0.0009374743094667792,0.0,0.0,0.0,33.87161720000001,52.84036720000001,18.96875,0.2957096619236665,0.2966471549760001,0.0009374930523335934,14.019383200000021,144.01938320000002,130.0,15.924030503999987,92.07596949600001,108.0
EON,C[N+](C)(CCO)CCO,12.244548101075118,15.844552058823531,3.600003957748413,,0.0,,,,,,0.0,,0.0,0.0,0.0,0.1093780588,0.1093780588,0.0,0.23175043760000003,0.23175043760000003,0.0,0.0,0.0,0.0,16.7289157,16.7289157,0.0,0.3728659232000001,0.3728659232000001,0.0,19.870988799999964,169.87098879999996,150.0,405.11269016890867,409.9631836,4.850493431091309
ERI,C1CCNCC1,0.0479198508,0.0479198508,0.0,0.9460522391666667,0.9460522391666667,0.0,0.0,0.0,0.0,0.0,0.0,0.0,0.0,0.0,0.0,0.0,0.0,0.0,0.0,0.0,0.0,0.0,0.0,0.0,180.94765232,19.05234768,200.0,0.4912602320000001,0.4912602320000001,0.0,16.54788479999999,183.4521152,200.0,31.626451559999992,136.37354844,168.0
ERI,CC[N+](C)(CC)CCCCC[N+](C)(CC)CC,5.7564224828,6.7564224828,1.0,,0.0,,,0.0,,,0.0,,0.023757178799999997,0.023757178799999997,0.0,0.45011245701393426,0.29988772180000006,0.7500001788139343,0.04817343446325684,0.711826556,0.7599999904632568,0.0,0.0,0.0,83.75967512,116.24032488,200.0,0.41024657228000005,0.58975342772,1.0,33.07631000000001,133.07631,100.0,264.0368891999999,407.9631108000001,672.0
ERI,C[N+]1(CCCCC[N+]2(C)CCCC2)CCCC1,2.1362869239999998,3.1362869239999998,1.0,,0.855992551111111,,,0.0,,,0.0,,0.10700392560000001,0.10700392560000001,0.0,0.7275113652139343,0.0224888136,0.7500001788139343,0.5201346868632568,0.23986530359999997,0.7599999904632568,0.0,0.0,0.0,133.246296576,66.75370342400001,200.0,0.6228816368,0.37711836320000003,1.0,59.21222879999999,159.2122288,100.0,181.0941808,154.9058192,336.0
EUO,CC[N@@+]1(C)CCCC(C)(C)C1,20.0,50.0,70.0,,0.0,,,,,,54.21597,,0.0025202619999999997,0.0025202619999999997,0.0,0.0,0.0,0.0,0.07960912,0.07960912,0.0,0.30032954479999996,0.30032954479999996,0.0,20.774014976,20.774014976,0.0,0.40947548600000006,0.40947548600000006,0.0,20.400000000000006,149.6,170.0,537.1413962960937,870.0745628,332.93316650390625
FAU,C(CC[N+]12CCN(CC1)CC2)C[N+]12CCN(CC1)CC2,12.970966061302732,29.970969875999998,17.000003814697266,,1.0,,,,,,,,0.047284554488843444,0.33061794544000006,0.2833333909511566,0.0,0.0,0.0,0.08092715910883785,0.44926049879999996,0.3683333396911621,0.0,0.0,0.0,3.600571298697754,5.843872404,9.444443702697754,0.04195280754924567,0.07028615483999999,0.028333347290754318,5.199999999999989,134.8,140.0,13.871123519999998,61.87112352,48.0
AEI,CC1(C)CC2CC(C)(C1)C[N+]2(C)C,3.6395204722222267,26.360479527777773,30.0,,0.0,,,0.0,,,0.0,,0.011428572,0.011428572,0.0,0.0,0.0,0.0,0.0561827456,0.0561827456,0.0,0.02,0.02,0.0,28.15134272,28.15134272,0.0,0.08018118919999999,0.08018118919999999,0.0,5.479590800000011,140.4795908,135.0,456.95555886468753,912.46544656,455.5098876953125
FAU,CCC[N+]1(C)CCCC1,0.05379183707934576,6.853794412,6.800002574920654,,0.0,,,0.0,,,0.0,,0.17522073002042865,0.26240029396000003,0.08717956393957138,0.0,0.0,0.0,0.01339069152869199,0.16096830224000003,0.17435899376869202,0.0,0.0,0.0,33.7141201672129,38.07309462400001,4.358974456787109,0.009859769726369622,0.16449919424,0.17435896396636963,27.622252200000005,97.3777478,125.0,2.05388237599999,165.946117624,168.0
FAU,C[P+](C)(C)C,4.1139942527999995,3.8860057472,8.0,,0.0,,,0.0,,,0.0,,0.10038992957961879,0.144834397452,0.04444446787238121,0.0,0.0,0.0,0.18158816821489382,0.39618951552,0.5777776837348938,0.0,0.0,0.0,31.915855583627938,36.36030024000001,4.44444465637207,0.059763506135810496,0.59309680768,0.5333333015441895,31.7437764,93.2562236,125.0,81.05795488,86.94204512,168.0
FER,C[N@@+]1(Cc2ccccc2)CCCC1CO,2.6504223241375477,18.317089308695653,15.666666984558105,,0.0,,,,,,,,0.0,0.0,0.0,0.0,0.0,0.0,0.0,0.0,0.0,0.0661291704711639,0.41387081880000004,0.47999998927116394,1.331220004,3.168779996,4.5,0.027122952871163897,0.45287703640000004,0.47999998927116394,9.0,141.0,150.0,761.179496,1241.179496,480.0
FER,Cc1cn(C)[n+](C)c1,8.879926873674318,18.87992592,9.999999046325684,,,,,,,,,,0.0,0.0,0.0,0.0,0.0,0.0,0.012223586,0.012223586,0.0,0.9090909361839294,0.0,0.9090909361839294,4.545454502105713,0.0,4.545454502105713,0.4545454680919647,0.0,0.4545454680919647,26.599999999999994,148.4,175.0,3617.6591528000004,3953.6591528000004,336.0
GIS,CC1CC[N+]2(CCCC3CCCCC32)CC1,2.0540281869565225,2.9459718130434775,5.0,,0.0,,,0.0,,,0.0,,0.07545874667825914,0.14462544424,0.06916669756174088,0.0,0.0,0.0,0.12629263438371396,0.08704076372000001,0.213333398103714,0.0,0.0,0.0,24.345719677675767,56.262399059999986,31.91667938232422,0.02325886016907014,0.12090780311999999,0.14416666328907013,41.821941159999994,133.17805884,175.0,9.377747200000016,177.37774720000002,168.0
IFO,CC[n+]1ccn(C)c1C,,0.03,,0.8786902376000002,0.8786902376000002,0.0,,0.0,,,0.0,,0.0,0.0,0.0,0.0,0.0,0.0,0.0,0.0,0.0,0.5,0.0,0.5,1.8927730239999985,11.107226976000002,13.0,0.1932840704,0.3067159296,0.5,7.199999999999989,157.2,150.0,85.93317108,106.06682892,192.0
ITE,CC1(C)[C@H]2CC[C@]1(C)[C@H]([N+](C)(C)C)C2,36.14554949999999,76.14554949999999,40.0,,0.0,,,,,,,,0.0,0.0,0.0,0.0,0.0,0.0,0.0,0.0,0.0,0.02,0.02,0.0,0.4544296,0.4544296,0.0,0.02,0.02,0.0,0.12569719999999052,159.8743028,160.0,579.4850977933595,983.5706996000001,404.0856018066406
ITE,CC[N+]1(CC)CCCC2CC1C2(C)C,17.382504000000004,57.382504000000004,40.0,,0.0,,,,,,30.6222905,,0.0,0.0,0.0,0.0,0.0,0.0,0.0,0.0,0.0,0.0,0.0,0.0,0.0,0.0,0.0,0.0,0.0,0.0,0.19999999999998863,159.8,160.0,1840.4984730906249,2549.8458852,709.347412109375
VFI,CCN(CC)CC,0.08672990680000002,0.08672990680000002,0.0,0.013541040614064581,0.9659219958333334,0.9523809552192688,0.0,0.0,0.0,0.0,0.0,0.0,0.0,0.0,0.0,0.0,0.0,0.0,0.0,0.0,0.0,0.0,0.0,0.0,4.737719267514649,16.93284294,12.195123672485352,0.004517827938316343,0.239384602,0.24390242993831635,52.395904400000006,182.3959044,130.0,40.905085060000005,43.905085060000005,3.0
